F 1824.839883 1880.660829 3.717551
E 0.000000 100.000000 100.000000 0.174533
F 1824.839883 1880.660829 3.717551
E 0.000000 100.000000 100.000000 0.174533
F 1824.839883 1880.660829 3.717551
E 0.000000 100.000000 100.000000 0.174533
F 1824.839883 1880.660829 3.717551
E 0.000000 100.000000 100.000000 0.174533
F 1824.839883 1880.660829 3.717551
E 0.000000 100.000000 100.000000 0.174533
F 1824.839883 1880.660829 3.717551
E 0.000000 100.000000 100.000000 0.174533
F 1824.839883 1880.660829 3.717551
E 0.000000 100.000000 100.000000 0.174533
F 1824.839883 1880.660829 3.717551
E 0.000000 100.000000 100.000000 0.174533
F 1824.839883 1880.660829 3.717551
E 0.000000 100.000000 100.000000 0.174533
F 1824.839883 1880.660829 3.717551
E 0.000000 100.000000 100.000000 0.174533
F 1824.839883 1880.660829 3.717551
E 0.000000 100.000000 100.000000 0.174533
F 1824.839883 1880.660829 3.717551
E 0.000000 100.000000 100.000000 0.174533
F 1824.839883 1880.660829 3.717551
E 0.000000 100.000000 100.000000 0.174533
F 1804.058465 1867.165218 3.717551
E -0.377916 100.495773 100.143958 0.191633
F 1766.886069 1843.025182 3.717551
E -0.499690 103.966148 100.646161 0.238237
F 1729.210438 1818.699084 -2.567886
E -0.630080 106.766083 101.297767 0.277976
F 1691.397536 1794.263968 -2.567886
E -0.620805 117.699789 101.794257 0.312954
F 1691.397536 1794.263968 -2.567886
E -0.620805 117.699789 101.794257 0.312954
F 1653.877757 1770.018271 -2.567886
E -0.610945 134.381321 102.286818 0.343934
F 1616.275577 1745.578789 -2.565634
E -0.664038 143.262528 102.974893 0.372564
F 1578.599946 1721.252690 -2.567886
E -0.709057 153.415382 103.716331 0.399147
F 1540.997766 1696.813207 -2.565634
E -0.747212 164.868699 104.488698 0.424066
F 1540.997766 1696.813207 -2.565634
E -0.747212 164.868699 104.488698 0.424066
F 1503.322134 1672.487109 -2.567886
E -0.779473 177.613330 105.274202 0.447599
F 1465.719954 1648.047626 -2.565634
E -2.377509 106.060348 191.613684 0.469956
F 1465.719954 1648.047626 -2.565634
E -2.377509 106.060348 191.613684 0.469956
F 1428.044322 1623.721527 -2.567886
E -2.400518 106.839117 206.818374 0.491297
F 1390.442142 1599.282045 -2.565634
E -2.419993 107.605792 223.168471 0.511748
F 1352.766511 1574.955946 -2.567886
E -2.436528 108.357909 240.603177 0.531413
F 1315.164331 1550.516463 -2.565634
E -2.450625 109.094463 259.063324 0.550376
F 1277.488699 1526.190365 -2.567886
E -2.462698 109.815346 278.493312 0.568707
F 1277.488699 1526.190365 -2.567886
E -2.462698 109.815346 278.493312 0.568707
F 1239.886519 1501.750882 -2.565634
E -2.473088 110.520978 298.841990 0.586465
F 1202.210887 1477.424783 -2.567886
E -2.482074 111.212066 320.062898 0.603701
F 1164.397986 1452.989667 -2.567886
E -2.434421 111.114836 367.139122 0.620584
F 1164.397986 1452.989667 -2.567886
E -2.434421 111.114836 367.139122 0.620584
F 1126.878207 1428.743971 -2.567886
E -2.395773 111.656317 417.201284 0.636769
F 1089.276027 1404.304488 -2.565634
E -2.405682 112.156951 441.469660 0.652678
F 1051.600395 1379.978390 -2.567886
E -2.414828 112.704549 466.300792 0.668208
F 1013.787493 1355.543274 -2.567886
E -2.383745 113.375371 521.563667 0.683500
F 1013.787493 1355.543274 -2.567886
E -2.383745 113.375371 521.563667 0.683500
F 976.267715 1331.297577 -2.567886
E -2.357826 114.375383 578.800653 0.698228
F 938.665535 1306.858094 -2.565634
E -2.367193 114.679959 605.738379 0.712766
F 900.989903 1282.531996 -2.567886
E -2.375998 115.079448 633.126592 0.727014
F 900.989903 1282.531996 -2.567886
E -2.375998 115.079448 633.126592 0.727014
F 863.387723 1258.092513 -2.565634
E -2.384286 115.563749 660.973307 0.740988
F 825.712092 1233.766415 -2.567886
E -2.392100 116.123195 689.284257 0.754703
F 787.899190 1209.331299 -2.567886
E -2.370349 116.706345 752.278870 0.768275
F 749.793165 1184.706763 -2.567886
E -0.780289 817.839640 117.749397 0.781817
F 749.793165 1184.706763 -2.567886
E -0.780289 817.839640 117.749397 0.781817
F 712.190984 1160.267280 -2.565634
E -2.358775 117.992131 847.955815 0.794828
F 674.515353 1135.941182 -2.567886
E -2.366100 118.356789 878.469496 0.807629
F 636.913173 1111.501699 -2.565634
E -2.373084 118.832915 909.387257 0.820231
F 636.913173 1111.501699 -2.565634
E -2.373084 118.832915 909.387257 0.820231
F 599.237541 1087.175600 -2.567886
E -2.379749 119.410222 940.714250 0.832642
F 561.635361 1062.736118 -2.565634
E -2.386114 120.078734 972.454404 0.844871
F 523.959730 1038.410019 -2.567886
E -2.392196 120.828899 1004.610591 0.856925
F 523.959730 1038.410019 -2.567886
E -2.392196 120.828899 1004.610591 0.856925
F 486.357549 1013.970536 -2.565634
E -2.398011 121.651662 1037.184782 0.868812
F 448.681918 989.644438 -2.567886
E -2.403572 122.538516 1070.178163 0.880538
F 411.468703 964.613114 -2.552124
E -2.408688 123.468693 1103.626035 0.892217
F 377.464078 935.793039 -2.455305
E -2.411861 124.430101 1137.442697 0.907506
F 377.464078 935.793039 -2.455305
E -2.411861 124.430101 1137.442697 0.907506
F 345.934246 903.554975 -2.360737
E -2.412073 125.080042 1172.218934 0.922617
F 317.797051 868.535463 -2.263918
E -2.409455 125.409081 1207.114419 0.937580
F 293.185236 831.166998 -2.169350
E -2.404195 125.500781 1241.834400 0.952047
F 272.211979 791.641487 -2.074782
E -2.396488 125.564912 1276.244895 0.966297
F 272.211979 791.641487 -2.074782
E -2.396488 125.564912 1276.244895 0.966297
F 255.248932 750.420542 -1.977963
E -2.386517 125.889777 1309.939875 0.980431
F 242.105103 707.099556 -1.881144
E -2.374208 126.859816 1343.306902 0.994685
F 233.481608 663.721759 -1.784324
E -2.360226 128.841985 1374.824764 1.008265
F 228.743114 619.056427 -1.692008
E -0.773452 1405.569363 132.332968 1.021649
F 228.743114 619.056427 -1.692008
E -0.773452 1405.569363 132.332968 1.021649
F 232.601956 573.423669 -1.514131
E -0.754808 1434.290528 138.259465 1.043858
F 245.011497 530.378809 -1.322744
E -0.733665 1458.099971 147.031722 1.066980
F 264.504218 490.859466 -1.144866
E -0.710535 1476.675091 159.096503 1.087534
F 264.504218 490.859466 -1.144866
E -0.710535 1476.675091 159.096503 1.087534
F 288.159467 457.105933 -0.994008
E -0.687436 1489.649424 173.582076 1.103475
F 317.427953 426.609017 -0.838647
E -0.662815 1498.509893 191.408589 1.120067
F 350.261202 401.142756 -0.692292
E -0.638094 1502.750978 211.452691 1.135221
F 350.261202 401.142756 -0.692292
E -0.638094 1502.750978 211.452691 1.135221
F 386.376212 380.934259 -0.543686
E -0.613384 1502.537519 233.376747 1.150337
F 424.186138 365.991915 -0.408589
E -0.589378 1498.126550 256.327509 1.163721
F 465.627837 356.799706 -0.250976
E -0.565095 1489.054907 281.164441 1.179762
F 507.257582 353.891897 -0.102369
E -0.542512 1475.628085 305.883484 1.194438
F 507.257582 353.891897 -0.102369
E -0.542512 1475.628085 305.883484 1.194438
F 548.510488 357.189625 0.046237
E -0.521903 1458.227063 330.108674 1.208813
F 589.126481 366.825773 0.199347
E -0.503554 1436.823801 353.603903 1.223574
F 627.871662 382.327448 0.347953
E -0.488292 1412.021471 375.506672 1.237730
F 627.871662 382.327448 0.347953
E -0.488292 1412.021471 375.506672 1.237730
F 669.076894 399.149893 0.381727
E -0.474368 1383.864576 398.043696 1.246218
F 710.651381 415.965789 0.383979
E -0.461095 1355.966824 421.551653 1.254421
F 752.276335 432.656368 0.381727
E -0.448224 1329.027648 446.316895 1.262571
F 793.409079 449.167749 0.381727
E -0.489614 1234.097833 436.730912 1.270480
F 793.409079 449.167749 0.381727
E -0.489614 1234.097833 436.730912 1.270480
F 834.983566 465.983644 0.383979
E -0.482308 1211.266676 463.581032 1.278528
F 876.726201 482.849077 0.383979
E -0.540628 1137.727292 447.676824 1.286586
F 918.792423 499.845251 0.383979
E -0.605339 1087.881103 422.694370 1.294718
F 960.417377 516.535830 0.381727
E -0.615919 1078.261862 448.593432 1.302616
F 960.417377 516.535830 0.381727
E -0.615919 1078.261862 448.593432 1.302616
F 1001.991864 533.351725 0.383979
E -0.630829 1070.959601 474.851970 1.310466
F 1043.087327 549.955679 0.383979
E -0.698392 1065.469935 436.097681 1.318088
F 1084.829962 566.821113 0.383979
E -0.743297 1087.122501 391.761512 1.325905
F 1084.829962 566.821113 0.383979
E -0.743297 1087.122501 391.761512 1.325905
F 1126.249011 583.555806 0.383979
E -0.763095 1131.987028 349.101097 1.333557
F 1167.991646 600.421240 0.383979
E -0.763219 1197.212326 312.574517 1.341285
F 1209.410695 617.155933 0.383979
E -0.750166 1278.941757 285.621613 1.348850
F 1251.153330 634.021367 0.383979
E -0.729402 1376.065986 268.445643 1.356490
F 1251.153330 634.021367 0.383979
E -0.729402 1376.065986 268.445643 1.356490
F 1292.005434 651.668885 0.404243
E -0.743513 1410.992616 274.681581 1.364030
F 1331.363589 674.038592 0.501063
E -0.756324 1448.926813 280.970468 1.374311
F 1365.683393 703.006920 0.672185
E -0.765193 1489.462531 285.380898 1.389949
F 1365.683393 703.006920 0.672185
E -0.765193 1489.462531 285.380898 1.389949
F 1393.914001 738.234400 0.863572
E -0.768639 1532.539924 286.552881 1.407510
F 1414.488406 774.776068 1.023437
E -0.766798 1573.441629 284.634642 1.420841
F 1429.636490 813.648084 1.167540
E -0.760692 1613.916772 280.699160 1.432690
F 1429.636490 813.648084 1.167540
E -0.760692 1613.916772 280.699160 1.432690
F 1438.765961 853.829071 1.313895
E -0.750865 1652.762260 275.737010 1.444467
F 1442.323410 894.508457 1.451243
E -0.737749 1689.413702 270.719170 1.455363
F 1439.750772 936.160258 1.599850
E -0.721256 1724.183650 266.657364 1.467284
F 1430.216678 972.241164 1.775476
E -0.703846 1751.581510 264.926261 1.480194
F 1430.216678 972.241164 1.775476
E -0.703846 1751.581510 264.926261 1.480194
F 1414.218845 1005.613429 1.960108
E -0.684114 1773.872505 266.013746 1.493754
F 1392.551787 1035.594933 2.140237
E -0.662457 1790.567778 270.872268 1.506766
F 1365.863908 1061.209559 2.320366
E -0.639522 1801.249975 280.069356 1.519667
F 1365.863908 1061.209559 2.320366
E -0.639522 1801.249975 280.069356 1.519667
F 1333.639834 1081.833017 2.516256
E -0.615148 1805.426413 294.158562 1.534271
F 1298.716430 1095.635447 2.707643
E -0.591296 1802.398552 311.982511 1.548126
F 1262.385145 1102.683600 2.892276
E -0.568604 1792.661431 332.464237 1.561096
F 1222.987572 1106.489106 3.013863
E -0.545455 1776.657096 356.733461 1.569850
F 1222.987572 1106.489106 3.013863
E -0.545455 1776.657096 356.733461 1.569850
F 1178.175451 1112.363688 3.011611
E -0.519430 1756.755686 387.434240 1.576472
F 1134.038183 1118.014601 3.013863
E -0.493377 1738.488741 420.867108 1.582864
F 1089.730098 1123.705047 3.013863
E -0.333577 2108.467340 569.267642 1.589280
F 1089.730098 1123.705047 3.013863
E -0.333577 2108.467340 569.267642 1.589280
F 1044.571870 1129.624475 3.011611
E -0.304326 2097.225617 603.733996 1.595922
F 1000.088496 1135.320234 3.013863
E -0.274734 2087.832451 638.265465 1.602336
F 955.622481 1141.149969 3.011611
E -0.244302 2080.160935 673.247519 1.608724
F 955.622481 1141.149969 3.011611
E -0.244302 2080.160935 673.247519 1.608724
F 911.673377 1146.894930 3.011611
E -0.137454 2534.415001 749.502687 1.614939
F 867.190002 1152.590689 3.013863
E -0.109375 2534.789505 777.650543 1.621278
F 822.723988 1158.420424 3.011611
E -0.080899 2537.000613 805.595246 1.627592
F 778.240613 1164.116183 3.013863
E -0.052050 2541.087158 833.273710 1.633881
F 733.774599 1169.945919 3.011611
E -0.022855 2547.086872 860.621176 1.640147
F 733.774599 1169.945919 3.011611
E -0.022855 2547.086872 860.621176 1.640147
F 689.133383 1175.781351 3.011611
E 0.027046 3068.059455 884.741665 1.646436
F 644.838223 1181.571548 3.011611
E 0.055894 3603.905349 898.424760 1.652605
F 600.197007 1187.406980 3.011611
E 0.074145 4155.179575 907.034965 1.658847
F 600.197007 1187.406980 3.011611
E 0.074145 4155.179575 907.034965 1.658847
F 555.496302 1192.773238 3.020618
E 0.091991 4170.004420 922.557413 1.665084
F 510.725219 1189.228780 -3.091445
E 0.109833 4179.681300 938.071673 1.678015
F 472.395486 1173.136350 -2.807742
E 0.126082 4174.943107 952.357320 1.701651
F 445.677354 1152.411787 -2.573574
E 0.138557 4158.466910 963.570693 1.717459
F 445.677354 1152.411787 -2.573574
E 0.138557 4158.466910 963.570693 1.717459
F 424.105782 1125.462063 -2.334903
E 0.149944 4130.689718 974.114938 1.733740
F 409.807637 1095.426394 -2.107490
E 0.159069 4094.777662 982.908855 1.748462
F 402.731933 1062.361300 -1.873323
E 0.165954 4050.868646 989.949350 1.763850
F 402.731933 1062.361300 -1.873323
E 0.165954 4050.868646 989.949350 1.763850
F 403.813432 1027.833365 -1.630148
E 0.169995 4000.547982 994.611773 1.780183
F 412.492813 995.531002 -1.400484
E 0.170717 3949.144163 996.264064 1.794780
F 428.151944 966.181897 -1.173071
E 0.168211 3898.206993 994.905844 1.809005
F 449.341495 941.494551 -0.954664
E 0.162715 3851.129829 990.673761 1.822132
F 449.341495 941.494551 -0.954664
E 0.162715 3851.129829 990.673761 1.822132
F 475.937988 921.820312 -0.729503
E 0.154275 3808.595964 983.672014 1.835896
F 506.539742 908.379236 -0.504342
E 0.143243 3773.379912 974.331922 1.849621
F 545.925055 889.964688 -0.448052
E 0.126852 3734.865690 960.755769 1.855485
F 545.925055 889.964688 -0.448052
E 0.126852 3734.865690 960.755769 1.855485
F 586.081197 870.793996 -0.445800
E 0.109585 3698.259946 947.350112 1.860919
F 626.387225 851.532332 -0.445800
E 0.089295 3534.710906 934.384521 1.866379
F 667.008144 832.120187 -0.445800
E 0.067390 3375.468098 921.653131 1.871908
F 706.999282 813.009005 -0.445800
E 0.044492 3224.892939 910.045971 1.877252
F 706.999282 813.009005 -0.445800
E 0.044492 3224.892939 910.045971 1.877252
F 747.620201 793.596860 -0.445800
E 0.020085 3079.025797 900.053393 1.882749
F 788.241120 774.184715 -0.445800
E -0.005123 2941.108519 893.030582 1.888230
F 828.547148 754.923051 -0.445800
E -0.030389 2812.928075 890.457730 1.893611
F 869.168067 735.510906 -0.445800
E -0.055335 2693.270337 894.043527 1.899061
F 869.168067 735.510906 -0.445800
E -0.055335 2693.270337 894.043527 1.899061
F 911.982647 720.303900 -0.355735
E -0.075135 2676.518971 901.915553 1.906243
F 955.589538 709.510057 -0.258916
E -0.095350 2665.549746 914.539884 1.913529
F 1000.035624 702.982163 -0.162097
E -0.116192 2660.380459 932.065556 1.920788
F 1000.035624 702.982163 -0.162097
E -0.116192 2660.380459 932.065556 1.920788
F 1044.721871 700.683714 -0.067529
E -0.137548 2661.008305 954.094064 1.927891
F 1089.774285 702.608055 0.027039
E -0.159639 2667.475382 980.255731 1.935051
F 1133.909014 708.856013 0.123858
E -0.181969 2679.758081 1009.089982 1.942148
F 1133.909014 708.856013 0.123858
E -0.181969 2679.758081 1009.089982 1.942148
F 1177.281125 719.946922 0.231936
E -0.204728 2698.388314 1039.804395 1.949721
F 1217.832546 739.784383 0.423323
E -0.227342 2725.592156 1070.254135 1.962279
F 1253.567477 766.800515 0.614710
E -0.248439 2762.336588 1097.230165 1.974676
F 1282.607976 796.786572 0.767819
E -0.266108 2804.078891 1117.999976 1.983747
F 1282.607976 796.786572 0.767819
E -0.266108 2804.078891 1117.999976 1.983747
F 1306.979093 829.760034 0.902916
E -0.281117 2850.576752 1133.805537 1.991611
F 1326.295332 865.342859 1.040265
E -0.293202 2900.702098 1144.582968 1.999455
F 1340.577097 904.554110 1.188871
E -0.302298 2955.678427 1150.285332 2.008149
F 1353.753596 945.440104 1.247413
E -0.308874 3014.642359 1152.042072 2.013487
F 1353.753596 945.440104 1.247413
E -0.308874 3014.642359 1152.042072 2.013487
F 1367.949302 987.796562 1.247413
E -0.384567 3146.752731 1252.006635 2.018535
F 1382.145009 1030.153020 1.247413
E -0.459101 3299.447792 1347.695287 2.023569
F 1396.229811 1072.178568 1.247413
E -0.529690 3470.854540 1434.152021 2.028513
F 1396.229811 1072.178568 1.247413
E -0.529690 3470.854540 1434.152021 2.028513
F 1410.479546 1115.068916 1.249665
E -0.529592 3543.466998 1426.462586 2.033642
F 1424.469687 1157.126071 1.249665
E -0.593504 3735.850073 1501.600092 2.038562
F 1438.680146 1199.845543 1.249665
E -0.652380 3947.771834 1567.929347 2.043625
F 1452.890604 1242.565015 1.249665
E -0.704898 4174.124027 1624.891625 2.048676
F 1452.890604 1242.565015 1.249665
E -0.704898 4174.124027 1624.891625 2.048676
F 1466.990904 1284.953329 1.249665
E -0.750932 4410.841984 1673.249684 2.053637
F 1477.282345 1329.012937 1.328471
E -0.743574 4485.581474 1660.696071 2.059880
F 1483.154670 1373.371243 1.423039
E -0.734800 4556.507992 1646.609799 2.066505
F 1483.154670 1373.371243 1.423039
E -0.734800 4556.507992 1646.609799 2.066505
F 1484.677281 1417.920013 1.519858
E -0.724549 4623.382325 1630.869919 2.073152
F 1481.888078 1463.105060 1.616677
E -0.712751 4686.948206 1613.324936 2.079931
F 1474.942556 1506.955569 1.711245
E -0.699992 4744.658907 1594.808335 2.086416
F 1474.942556 1506.955569 1.711245
E -0.699992 4744.658907 1594.808335 2.086416
F 1460.095795 1549.695566 1.877865
E -0.685497 4795.884614 1574.331986 2.096543
F 1437.443669 1588.536603 2.067000
E -0.669307 4835.354887 1552.117719 2.108030
F 1410.164513 1621.310378 2.231368
E -0.652654 4861.197997 1529.859932 2.117364
F 1380.118161 1650.647970 2.343948
E -0.635549 4877.544687 1507.513651 2.123916
F 1380.118161 1650.647970 2.343948
E -0.635549 4877.544687 1507.513651 2.123916
F 1348.675733 1682.870077 2.343948
E -0.598567 4903.760826 1460.536286 2.128776
F 1317.720784 1714.592616 2.343948
E -0.562968 4935.459403 1417.109709 2.133477
F 1283.859447 1744.057595 2.413748
E -0.545215 4952.820253 1396.350753 2.139168
F 1247.574459 1769.935887 2.506065
E -0.527418 4964.867570 1376.378543 2.145434
F 1247.574459 1769.935887 2.506065
E -0.527418 4964.867570 1376.378543 2.145434
F 1208.436946 1792.348262 2.605136
E -0.509251 4970.562565 1356.957004 2.152028
F 1167.172174 1810.967785 2.701955
E -0.490947 4969.564906 1338.467037 2.158560
F 1124.825732 1825.421934 2.796523
E -0.472892 4962.144397 1321.377762 2.164883
F 1124.825732 1825.421934 2.796523
E -0.472892 4962.144397 1321.377762 2.164883
F 1081.106203 1835.750087 2.893342
E -0.454902 4948.289770 1305.580268 2.171302
F 1037.125319 1841.815506 2.987910
E -0.437354 4928.356902 1291.447285 2.177515
F 991.545556 1843.712031 3.084729
E -0.419661 4901.615446 1278.569929 2.184044
F 947.562789 1841.297280 -3.103888
E -0.403008 4869.920069 1267.794627 2.190149
F 947.562789 1841.297280 -3.103888
E -0.403008 4869.920069 1267.794627 2.190149
F 902.961732 1834.651323 -3.009321
E -0.386496 4831.749607 1258.482314 2.196454
F 858.894907 1823.529494 -2.910250
E -0.370524 4787.639423 1250.853619 2.202968
F 816.406307 1808.425126 -2.815682
E -0.355452 4738.578289 1244.968922 2.209236
F 816.406307 1808.425126 -2.815682
E -0.355452 4738.578289 1244.968922 2.209236
F 776.067766 1789.459014 -2.718863
E -0.341432 4685.275127 1240.702245 2.215455
F 737.440708 1766.523924 -2.622043
E -0.328321 4627.034186 1237.820151 2.221728
F 700.997703 1739.965865 -2.527476
E -0.316291 4564.550085 1236.166312 2.227943
F 667.775935 1710.513843 -2.432908
E -0.305668 4499.612744 1235.537999 2.233999
F 667.775935 1710.513843 -2.432908
E -0.305668 4499.612744 1235.537999 2.233999
F 636.074174 1678.993992 -2.369863
E -0.296052 4431.841528 1235.674528 2.239242
F 603.850215 1647.803789 -2.372114
E -0.286752 4363.641841 1236.477197 2.243818
F 571.512815 1616.479948 -2.372114
E -0.268726 4227.565948 1240.047550 2.248419
F 571.512815 1616.479948 -2.372114
E -0.268726 4227.565948 1240.047550 2.248419
F 539.426092 1585.398928 -2.372114
E -0.250401 4097.002064 1246.758317 2.252940
F 507.296237 1554.111795 -2.369863
E -0.240539 4034.422867 1251.795370 2.257488
F 475.072279 1522.921592 -2.372114
E -0.230612 3973.073409 1257.964132 2.262027
F 442.484201 1491.354931 -2.372114
E -0.211535 3850.404668 1273.377192 2.266663
F 442.484201 1491.354931 -2.372114
E -0.211535 3850.404668 1273.377192 2.266663
F 413.596205 1456.969822 -2.284301
E -0.202347 3791.372064 1282.735633 2.272508
F 388.659072 1420.659297 -2.189734
E -0.195087 3731.826566 1291.586328 2.278376
F 366.703178 1381.068809 -2.092914
E -0.189651 3669.410680 1299.770643 2.284547
F 366.703178 1381.068809 -2.092914
E -0.189651 3669.410680 1299.770643 2.284547
F 348.649883 1339.746882 -1.998347
E -0.186381 3606.736746 1306.522249 2.290591
F 332.945651 1297.896214 -1.939805
E -0.184959 3545.000813 1311.838168 2.295613
F 316.659888 1256.111215 -1.942056
E -0.184409 3484.479430 1316.748805 2.300076
F 300.626320 1214.602710 -1.939805
E -0.184198 3426.338029 1321.872746 2.304462
F 300.626320 1214.602710 -1.939805
E -0.184198 3426.338029 1321.872746 2.304462
F 284.513547 1172.937784 -1.939805
E -0.139904 3340.473033 1409.356477 2.308874
F 268.227783 1131.152784 -1.942056
E -0.141546 3287.110601 1418.657708 2.313312
F 252.067968 1089.318915 -1.939805
E -0.143896 3236.035180 1428.260390 2.317741
F 252.067968 1089.318915 -1.939805
E -0.143896 3236.035180 1428.260390 2.317741
F 235.529709 1046.883185 -1.942056
E -0.147088 3186.644068 1438.288642 2.322301
F 219.449778 1005.579866 -1.942056
E -0.111439 3120.651410 1567.890158 2.326610
F 203.289962 963.745997 -1.939805
E -0.118706 3077.996695 1582.211272 2.331015
F 203.289962 963.745997 -1.939805
E -0.118706 3077.996695 1582.211272 2.331015
F 187.051308 921.755562 -1.939805
E -0.089441 3022.292241 1747.609006 2.335444
F 170.765544 879.970563 -1.942056
E -0.103537 2986.058573 1765.907655 2.339832
F 154.605729 838.136694 -1.939805
E -0.120017 2953.311248 1783.686721 2.344211
F 138.951202 797.978520 -1.942056
E -0.138227 2925.396870 1800.051832 2.348249
F 136.678599 791.934828 -1.939805
E -0.141160 2921.532967 1802.423566 2.348341
F 136.678599 791.934828 -1.939805
E -0.141160 2921.532967 1802.423566 2.348341
F 136.678599 791.934828 -1.939805
E -0.141160 2921.532967 1802.423566 2.348341
F 136.678599 791.934828 -1.939805
E -0.141160 2921.532967 1802.423566 2.348341
F 136.678599 791.934828 -1.939805
E -0.141160 2921.532967 1802.423566 2.348341
F 136.678599 791.934828 -1.939805
E -0.141160 2921.532967 1802.423566 2.348341
F 136.678599 791.934828 -1.939805
E -0.141160 2921.532967 1802.423566 2.348341
F 136.678599 791.934828 -1.939805
E -0.141160 2921.532967 1802.423566 2.348341
