F 1821.975147 1880.567572 3.715565
E -2.558120 0.199276 5.304353 0.170322
W C 1291.0 1881.0 383.0 1458.0 482.0 682.0 1191.0 747.0 1693.0 1043.0 1805.0 190.0
F 1821.964686 1880.533570 3.718535
E -2.556963 0.140934 5.152258 0.165402
W C 1291.0 1881.0 383.0 1458.0 482.0 682.0 1191.0 747.0 1693.0 1043.0 1805.0 190.0
F 1821.957215 1880.514238 3.720939
E -2.555765 0.115095 5.006446 0.160712
W C 1291.0 1881.0 383.0 1458.0 482.0 682.0 1191.0 747.0 1693.0 1043.0 1805.0 190.0
F 1821.951573 1880.500511 3.722477
E -2.554710 0.099693 4.869447 0.156312
W C 1291.0 1881.0 383.0 1458.0 482.0 682.0 1191.0 747.0 1693.0 1043.0 1805.0 190.0
F 1821.947010 1880.490013 3.723657
E -2.553833 0.089182 4.742419 0.152234
W C 1291.0 1881.0 383.0 1458.0 482.0 682.0 1191.0 747.0 1693.0 1043.0 1805.0 190.0
F 1821.943087 1880.481540 3.724643
E -2.553079 0.081422 4.623159 0.148406
W C 1291.0 1881.0 383.0 1458.0 482.0 682.0 1191.0 747.0 1693.0 1043.0 1805.0 190.0
F 1821.939695 1880.474471 3.725474
E -2.552428 0.075391 4.512358 0.144850
W C 1291.0 1881.0 383.0 1458.0 482.0 682.0 1191.0 747.0 1693.0 1043.0 1805.0 190.0
F 1821.936696 1880.468423 3.726196
E -2.551854 0.070528 4.409038 0.141534
W C 1291.0 1881.0 383.0 1458.0 482.0 682.0 1191.0 747.0 1693.0 1043.0 1805.0 190.0
F 1821.934013 1880.463131 3.726817
E -2.551343 0.066501 4.312672 0.138441
W C 1291.0 1881.0 383.0 1458.0 482.0 682.0 1191.0 747.0 1693.0 1043.0 1805.0 190.0
F 1821.931588 1880.458529 3.727360
E -2.550882 0.063093 4.222227 0.135538
W C 1291.0 1881.0 383.0 1458.0 482.0 682.0 1191.0 747.0 1693.0 1043.0 1805.0 190.0
F 1821.929369 1880.454299 3.727841
E -2.550467 0.060161 4.137957 0.132833
W C 1291.0 1881.0 383.0 1458.0 482.0 682.0 1191.0 747.0 1693.0 1043.0 1805.0 190.0
F 1821.927362 1880.450407 3.728222
E -2.550088 0.057604 4.058777 0.130292
W C 1291.0 1881.0 383.0 1458.0 482.0 682.0 1191.0 747.0 1693.0 1043.0 1805.0 190.0
F 1821.925511 1880.446854 3.728571
E -2.549746 0.055347 3.984889 0.127921
W C 1291.0 1881.0 383.0 1458.0 482.0 682.0 1191.0 747.0 1693.0 1043.0 1805.0 190.0
F 1800.569400 1866.698473 3.720588
E -2.619647 0.194870 0.263082 0.008783
W C 1291.0 1881.0 383.0 1458.0 482.0 682.0 1191.0 747.0 1693.0 1043.0 1805.0 190.0
F 1763.180754 1842.477922 3.717064
E -2.718816 0.186877 0.226846 0.007468
W C 1291.0 1881.0 383.0 1458.0 482.0 682.0 1191.0 747.0 1693.0 1043.0 1805.0 190.0
F 1725.400118 1818.209141 -2.569960
E 0.682342 0.181523 0.093888 0.003550
W C 1291.0 1881.0 383.0 1458.0 482.0 682.0 1191.0 747.0 1693.0 1043.0 1805.0 190.0
F 1687.511739 1793.903962 -2.571029
E 0.647748 0.206632 0.156358 0.005351
W C 1291.0 1881.0 383.0 1458.0 482.0 682.0 1191.0 747.0 1693.0 1043.0
F 1687.540432 1793.893122 -2.570555
E -2.941075 0.145067 0.151641 0.005007
W C 1291.0 1881.0 383.0 1458.0 482.0 682.0 1191.0 747.0 1693.0 1043.0
F 1649.587595 1769.855768 -2.576079
E 0.651768 0.197174 0.150483 0.005198
W C 1291.0 1881.0 383.0 1458.0 482.0 682.0 1191.0 747.0 1693.0 1043.0
F 1611.697413 1745.801265 -2.575959
E 0.616261 0.188242 0.097629 0.003696
W C 1291.0 1881.0 383.0 1458.0 482.0 682.0 1191.0 747.0 1693.0 1043.0
F 1573.807474 1721.940663 -2.579061
E 0.623221 0.180387 0.098438 0.003750
W C 1291.0 1881.0 383.0 1458.0 482.0 682.0 1191.0 747.0 1693.0 1043.0
F 1536.040911 1698.012367 -2.577159
E 0.639854 0.173949 0.101377 0.003870
W C 1291.0 1881.0 383.0 1458.0 482.0 682.0 1191.0 747.0 1693.0 1043.0
F 1536.080615 1698.014490 -2.576786
E 0.670507 0.123107 0.089736 0.003239
W C 1291.0 1881.0 383.0 1458.0 482.0 682.0 1191.0 747.0 1693.0 1043.0
F 1498.132160 1674.220759 -2.580858
E 0.652114 0.169196 0.088788 0.003589
W C 1291.0 1881.0 383.0 1458.0 482.0 682.0 1191.0 747.0 1693.0 1043.0
F 1460.862221 1650.419968 -2.574443
E 0.686872 0.218333 0.106960 0.004190
W C 383.0 1458.0 482.0 682.0 1191.0 747.0 1693.0 1043.0
F 1460.886229 1650.415522 -2.574127
E 0.709279 0.154550 0.094742 0.003492
W C 383.0 1458.0 482.0 682.0 1191.0 747.0 1693.0 1043.0
F 1423.107825 1626.433139 -2.575697
E 0.750384 0.174593 0.092194 0.003838
W C 383.0 1458.0 482.0 682.0 1191.0 747.0 1805.0 190.0 1693.0 1043.0
F 1385.425940 1602.410001 -2.574263
E 2.474863 0.108359 0.149361 0.004306
W C 1291.0 1881.0 383.0 1458.0 482.0 682.0 1191.0 747.0 1805.0 190.0 1693.0 1043.0
F 1347.704487 1578.622344 -2.578247
E 2.480735 0.108908 0.149825 0.004337
W C 1291.0 1881.0 383.0 1458.0 482.0 682.0 1191.0 747.0 1805.0 190.0 1693.0 1043.0
F 1310.420983 1554.671256 -2.571749
E 0.737022 0.161538 0.113321 0.004361
W C 383.0 1458.0 482.0 682.0 1191.0 747.0 1805.0 190.0 1693.0 1043.0
F 1273.792837 1530.755995 -2.564611
E 0.715722 0.158367 0.114739 0.004388
W C 383.0 1458.0 482.0 682.0 1191.0 747.0 1805.0 190.0 1693.0 1043.0
F 1273.824288 1530.762355 -2.564390
E 2.478240 0.101582 0.112608 0.003694
W C 383.0 1458.0 482.0 682.0 1191.0 747.0 1805.0 190.0 1693.0 1043.0
F 1236.364563 1506.223868 -2.562061
E 0.670578 0.155528 0.098228 0.003950
W C 383.0 1458.0 482.0 682.0 1191.0 747.0 1805.0 190.0 1693.0 1043.0
F 1199.419140 1481.856647 -2.559095
E 0.652524 0.153249 0.116927 0.004446
W C 383.0 1458.0 482.0 682.0 1191.0 747.0 1805.0 190.0 1693.0 1043.0
F 1162.449431 1457.165282 -2.553718
E -2.525288 0.151419 0.202926 0.006939
W C 383.0 1458.0 482.0 682.0 1191.0 747.0 1805.0 190.0 1693.0 1043.0
F 1162.469982 1457.177465 -2.553701
E -2.526744 0.107078 0.195261 0.006501
W C 383.0 1458.0 482.0 682.0 1191.0 747.0 1805.0 190.0 1693.0 1043.0
F 1125.693301 1432.449590 -2.550277
E -2.793311 0.178271 0.197520 0.006782
W C 383.0 1458.0 482.0 682.0 1191.0 747.0 1805.0 190.0
F 1089.121073 1407.397611 -2.542427
E 0.711779 0.175611 0.129406 0.004904
W C 383.0 1458.0 482.0 682.0 1191.0 747.0 1805.0 190.0
F 1052.741670 1382.235757 -2.537435
E 0.695980 0.171284 0.130250 0.004947
W C 383.0 1458.0 482.0 682.0 1191.0 747.0 1805.0 190.0
F 1016.177003 1356.705746 -2.532883
E -2.536113 0.167185 0.227680 0.007751
W C 383.0 1458.0 482.0 682.0 1191.0 747.0 1805.0 190.0
F 1016.186381 1356.739711 -2.533324
E -2.522426 0.118244 0.218802 0.007245
W C 383.0 1458.0 482.0 682.0 1191.0 747.0 1805.0 190.0
F 980.023651 1331.239599 -2.528348
E -2.511117 0.163741 0.219963 0.007555
W C 383.0 1458.0 482.0 682.0 1191.0 747.0 1805.0 190.0
F 944.012794 1305.340575 -2.519664
E 0.540872 0.160798 0.145247 0.005473
W C 383.0 1458.0 482.0 682.0 1191.0 747.0 1805.0 190.0
F 908.167217 1279.293879 -2.514225
E 0.380550 0.158752 0.146926 0.005589
W C 383.0 1458.0 482.0 682.0 1191.0 747.0 1805.0 190.0
F 908.167605 1279.354887 -2.515174
E -2.398618 0.111511 0.130795 0.004679
W C 383.0 1458.0 482.0 682.0 1191.0 747.0 1805.0 190.0
F 872.203939 1253.028785 -2.510514
E 0.472510 0.156464 0.129770 0.005216
W C 383.0 1458.0 482.0 682.0 1191.0 747.0 1805.0 190.0
F 836.324045 1226.701652 -2.508868
E -0.336419 0.162205 0.150132 0.006012
W C 383.0 1458.0 482.0 682.0 1191.0 747.0 1805.0 190.0
F 800.454676 1200.121581 -2.504582
E -2.450060 0.152141 0.278565 0.009492
W C 383.0 1458.0 482.0 682.0 1191.0 747.0 1805.0 190.0
F 764.438248 1173.186412 -2.500127
E -2.482317 0.182555 0.325345 0.010939
W C 383.0 1458.0 482.0 682.0 1191.0 747.0
F 764.438529 1173.270271 -2.501512
E -2.488474 0.129107 0.314633 0.010358
W C 383.0 1458.0 482.0 682.0 1191.0 747.0
F 728.669753 1146.650217 -2.501739
E 0.620381 0.180681 0.156223 0.006166
W C 383.0 1458.0 482.0 682.0 1191.0 747.0
F 692.661169 1120.338443 -2.509216
E 2.891297 0.177668 0.180908 0.006818
W C 383.0 1458.0 482.0 682.0 1191.0 747.0
F 656.658577 1094.208382 -2.513032
E 3.128780 0.176301 0.185222 0.006947
W C 383.0 1458.0 482.0 682.0 1191.0 747.0
F 656.693263 1094.287237 -2.513916
E -2.908328 0.141107 0.168086 0.005965
W C 383.0 1458.0 482.0 682.0
F 620.183388 1068.719349 -2.528148
E 2.652411 0.157633 0.295164 0.007854
W C 383.0 1458.0 482.0 682.0
F 583.541263 1043.526964 -2.537539
E 2.845095 0.200434 0.353333 0.010273
W C 383.0 1458.0 482.0 682.0
F 546.501325 1019.035802 -2.554264
E 2.894552 0.217727 0.443638 0.012903
W C 383.0 1458.0 482.0 682.0
F 546.539734 1019.228914 -2.556892
E 3.068185 0.185487 0.336235 0.010333
W C 383.0 1458.0 482.0 682.0
F 509.190428 995.302401 -2.569457
E 2.855839 0.206080 0.613548 0.017421
W C 383.0 1458.0 482.0 682.0
F 471.472851 971.951038 -2.584169
E 2.930779 0.328517 1.259046 0.036136
W C 383.0 1458.0 482.0 682.0
F 433.768673 951.091642 -2.621501
E 2.980443 0.581149 2.560604 0.074979
W C 383.0 1458.0 482.0 682.0
F 398.012118 927.499021 -2.560526
E -2.631550 0.543374 1.535101 0.056413
W C 383.0 1458.0 482.0 682.0
F 398.091496 927.579044 -2.565992
E -2.556287 0.405084 1.427003 0.055250
W C 383.0 1458.0 482.0 682.0
F 362.825633 900.192384 -2.493469
E -2.885550 0.308750 3.470165 0.140980
W C 482.0 682.0
F 329.545788 870.598528 -2.416970
E -0.782898 2.026777 0.215369 0.064320
W C 482.0 682.0 1805.0 190.0
F 299.241221 838.149968 -2.336323
E -0.517650 0.732715 0.227542 0.027644
W C 482.0 682.0 1805.0 190.0
F 272.157301 803.025120 -2.243939
E -0.316781 1.183135 0.260447 0.043663
W C 482.0 682.0 1805.0 190.0
F 272.997626 802.719978 -2.228419
E -0.369825 0.933063 0.215830 0.034631
W C 482.0 682.0 1805.0 190.0
F 251.174952 764.495227 -2.112144
E -0.199436 2.093332 0.307364 0.075065
W C 482.0 682.0 1805.0 190.0
F 233.276624 723.499451 -2.004580
E -0.019678 5.137236 0.649195 0.129593
W C 482.0 682.0
F 221.033022 681.826794 -1.891991
E 0.099382 7.111921 0.958845 0.128550
W C 482.0 682.0
F 213.446305 638.481212 -1.782616
E 0.240290 7.646752 1.231490 0.129187
W C 482.0 682.0
F 213.446305 638.481212 -1.782616
E 0.240290 7.646752 1.231490 0.129187
W C
F 213.839134 592.364348 -1.595522
E -0.179969 4.416247 0.906905 0.124385
W C 1805.0 190.0
F 222.707981 548.453072 -1.404135
E -2.949688 7.196346 17.214570 0.253534
W C
F 238.923190 507.479768 -1.226258
E -2.647950 17.318040 23.972485 0.329487
W C
F 240.947741 507.789147 -1.202625
E 0.248005 5.058880 0.551060 0.122978
W C 1191.0 747.0
F 264.275363 472.906975 -1.027872
E 0.255778 4.168283 0.994872 0.122803
W C 1191.0 747.0
F 290.920231 440.885572 -0.895874
E 0.490712 2.730271 0.903168 0.088097
W C 1693.0 1043.0 1191.0 747.0
F 321.896947 413.625895 -0.753627
E 0.172924 2.844870 0.969066 0.093239
W C 1693.0 1043.0
F 320.964710 413.100010 -0.772241
E 0.262410 2.133270 0.931136 0.071782
W C 1191.0 747.0
F 356.380068 390.187823 -0.610127
E 0.039393 3.841431 1.067609 0.101596
W C 1191.0 747.0
F 393.008480 372.897949 -0.474126
E 0.241410 3.661193 1.401859 0.086415
W C 1693.0 1043.0
F 434.025366 361.321901 -0.309878
E 0.195793 3.892146 1.486156 0.084076
W C 1693.0 1043.0
F 475.464289 356.110503 -0.158627
E 0.202348 4.211974 1.368771 0.074793
W C 1693.0 1043.0
F 475.701058 356.321681 -0.153981
E 0.241762 3.089508 1.356951 0.063160
W C 1693.0 1043.0
F 517.741287 358.038876 0.005900
E 0.214826 4.502152 0.952719 0.061567
W C 1693.0 1043.0
F 558.760326 366.100182 0.160239
E 0.301829 4.889452 0.925925 0.050400
W C 1693.0 1043.0
F 598.342688 380.289135 0.311574
E 0.376975 5.136846 0.681152 0.036165
W C 1693.0 1043.0
F 598.934260 380.728431 0.316912
E 0.377863 3.741068 0.676659 0.030243
W C 1693.0 1043.0
F 641.059871 396.709313 0.355900
E 0.435960 5.057880 0.383077 0.023013
W C 1693.0 1043.0
F 682.447255 411.552941 0.346942
E 0.471274 6.618815 0.460286 0.028698
W C 1191.0 747.0
F 723.491788 425.434243 0.331818
E -2.804839 0.264482 0.681526 0.022241
W C 1191.0 747.0 383.0 1458.0
F 764.341360 438.686190 0.316935
E -2.827299 0.260524 0.509468 0.016837
W C 1191.0 747.0 383.0 1458.0
F 764.475391 438.566292 0.314155
E -2.808849 0.184364 0.501674 0.016450
W C 1191.0 747.0 383.0 1458.0
F 806.209178 451.401514 0.301026
E 0.504724 0.259487 0.168973 0.006700
W C 1191.0 747.0 383.0 1458.0
F 848.014363 463.322804 0.281844
E -2.998481 0.251636 0.314431 0.010757
W C 1191.0 747.0 383.0 1458.0
F 889.877399 473.989320 0.255358
E -2.933091 0.248611 0.361351 0.012198
W C 1191.0 747.0 383.0 1458.0
F 931.706138 483.197137 0.223766
E 0.517572 0.247541 0.193309 0.007441
W C 1191.0 747.0 383.0 1458.0
F 931.812325 482.976577 0.219229
E 0.563056 0.245401 0.163734 0.006166
W C 1693.0 1043.0 1191.0 747.0
F 974.130357 491.414672 0.200844
E 0.465549 1.436206 0.131678 0.016200
W C 1693.0 1043.0 1191.0 747.0
F 1015.700905 498.477797 0.175146
E 0.762596 1.138237 0.727376 0.028677
W C 1693.0 1043.0 1191.0 747.0
F 1057.361922 503.857951 0.137342
E 2.672653 0.631500 0.927963 0.027355
W C 1693.0 1043.0 1191.0 747.0
F 1057.285133 503.578487 0.133427
E -3.015575 0.219867 0.781717 0.025036
W C 1805.0 190.0 1693.0 1043.0 1191.0 747.0
F 1101.935350 509.004560 0.123131
E -3.040672 0.232453 0.442588 0.014454
W C 1805.0 190.0 1693.0 1043.0 1191.0 747.0
F 1147.015021 513.970190 0.111797
E -3.064759 0.213177 0.340750 0.011282
W C 1805.0 190.0 1693.0 1043.0 1191.0 747.0
F 1191.442892 518.507409 0.103351
E -3.042707 0.200382 0.304005 0.010182
W C 1805.0 190.0 1693.0 1043.0 1191.0 747.0
F 1235.670446 522.944179 0.100504
E -2.988811 0.194829 0.297447 0.009977
W C 1805.0 190.0 1693.0 1043.0 1191.0 747.0
F 1235.632946 522.763644 0.097174
E -3.009172 0.137845 0.288477 0.009474
W C 1805.0 190.0 1693.0 1043.0 1191.0 747.0
F 1280.083063 527.400633 0.102944
E -0.060515 0.197726 0.137185 0.005508
W C 1805.0 190.0 1693.0 1043.0 1191.0 747.0
F 1324.473224 536.223578 0.183180
E -0.182009 0.202299 0.154609 0.006081
W C 1805.0 190.0 1693.0 1043.0 1191.0 747.0
F 1362.740769 547.661229 0.272838
E 0.413663 0.238877 0.177457 0.006912
W C 1693.0 1043.0 1191.0 747.0
F 1362.642152 547.291840 0.266514
E -0.641495 0.154578 0.143801 0.005415
W C 1805.0 190.0 1693.0 1043.0 1191.0 747.0
F 1403.492633 566.681376 0.418238
E 0.325059 0.154692 0.141775 0.005618
W C 1805.0 190.0 1693.0 1043.0 1291.0 1881.0 1191.0 747.0
F 1438.815094 588.724446 0.532793
E 2.823641 0.152617 0.160229 0.006187
W C 1805.0 190.0 1693.0 1043.0 1291.0 1881.0 1191.0 747.0
F 1467.539270 609.692119 0.609836
E 2.439701 0.150233 0.208956 0.006124
W C 1693.0 1043.0 1291.0 1881.0 1191.0 747.0
F 1467.457618 609.396353 0.605910
E -3.118830 0.134158 0.140620 0.005149
W C 1805.0 190.0 1693.0 1043.0 1191.0 747.0
F 1497.610095 635.974189 0.699910
E 2.551290 0.122793 0.170659 0.005394
W C 1805.0 190.0 1693.0 1043.0 1291.0 1881.0 1191.0 747.0
F 1524.906015 664.376378 0.784192
E 2.704120 0.136387 0.180563 0.005733
W C 1805.0 190.0 1693.0 1043.0 1291.0 1881.0 1191.0 747.0
F 1549.682281 695.220638 0.872787
E 2.542532 0.140500 0.206537 0.005688
W C 1805.0 190.0 1693.0 1043.0 1191.0 747.0
F 1567.560236 724.830296 0.987648
E 2.871590 0.128896 0.160871 0.005406
W C 1805.0 190.0 1693.0 1043.0 1291.0 1881.0 383.0 1458.0 1191.0 747.0
F 1567.483904 724.674187 0.987096
E -2.997462 0.116013 0.128977 0.004639
W C 1805.0 190.0 1693.0 1043.0 1291.0 1881.0 1191.0 747.0
F 1577.196269 752.411042 1.150855
E 2.607847 0.097222 0.152598 0.004387
W C 1693.0 1043.0 1291.0 1881.0 383.0 1458.0 1191.0 747.0 482.0 682.0
F 1581.278476 782.150476 1.338768
E 2.876180 0.113632 0.183623 0.004865
W C 1693.0 1043.0 1291.0 1881.0 383.0 1458.0 1191.0 747.0
F 1578.597277 813.808993 1.554992
E 2.881861 0.129169 0.192172 0.005858
W C 1693.0 1043.0 383.0 1458.0 1191.0 747.0
F 1578.490497 813.628598 1.556670
E 2.871861 0.105844 0.133395 0.004221
W C 1693.0 1043.0 1291.0 1881.0 383.0 1458.0 1191.0 747.0
F 1566.958033 846.409402 1.811765
E -3.046417 0.103025 0.182111 0.004457
W C 1693.0 1043.0 1291.0 1881.0 383.0 1458.0 1191.0 747.0
F 1547.150633 876.485670 2.065809
E -2.808985 0.117432 0.175446 0.004917
W C 1693.0 1043.0 1291.0 1881.0 383.0 1458.0 1191.0 747.0
F 1520.376910 901.644891 2.308949
E -2.482256 0.121385 0.173899 0.005144
W C 1693.0 1043.0 1291.0 1881.0 383.0 1458.0 1191.0 747.0
F 1488.231629 924.954512 2.472219
E -0.623943 0.179331 0.122823 0.005073
W C 1693.0 1043.0 1291.0 1881.0 383.0 1458.0 1191.0 747.0
F 1488.359762 924.863886 2.471711
E -0.551454 0.127089 0.110203 0.004204
W C 1693.0 1043.0 1291.0 1881.0 383.0 1458.0 1191.0 747.0
F 1451.147368 951.760523 2.510147
E -0.530001 0.182361 0.106662 0.004339
W C 1693.0 1043.0 1291.0 1881.0 383.0 1458.0 1191.0 747.0
F 1413.352418 976.973798 2.547615
E -0.342383 0.170744 0.118599 0.004689
W C 1693.0 1043.0 1291.0 1881.0 383.0 1458.0 482.0 682.0 1191.0 747.0
F 1376.609393 1000.282918 2.571428
E 2.506316 0.174869 0.209510 0.007137
W C 1291.0 1881.0 383.0 1458.0 482.0 682.0 1191.0 747.0
F 1376.592362 1000.295679 2.571368
E 2.562608 0.123813 0.200761 0.006654
W C 1291.0 1881.0 383.0 1458.0 482.0 682.0 1191.0 747.0
F 1338.430086 1023.720099 2.588068
E -0.538064 0.171543 0.113469 0.004438
W C 1291.0 1881.0 383.0 1458.0 482.0 682.0 1191.0 747.0
F 1300.323490 1045.822078 2.611534
E -0.494485 0.221369 0.131560 0.004984
W C 1291.0 1881.0 383.0 1458.0 482.0 682.0
F 1261.767951 1067.343085 2.629144
E -0.462559 0.216027 0.135077 0.005115
W C 1291.0 1881.0 383.0 1458.0 482.0 682.0
F 1261.804191 1067.383383 2.628129
E -0.428256 0.152915 0.119662 0.004292
W C 1291.0 1881.0 383.0 1458.0 482.0 682.0
F 1223.227714 1088.264709 2.642651
E -0.320530 0.211848 0.183195 0.006520
W C 1291.0 1881.0 383.0 1458.0 482.0 682.0
F 1183.804966 1108.723521 2.659782
E -0.386806 0.207236 0.143241 0.005429
W C 1291.0 1881.0 383.0 1458.0 482.0 682.0
F 1144.134942 1128.953523 2.668436
E -0.340829 0.203860 0.145410 0.005546
W C 1291.0 1881.0 383.0 1458.0 482.0 682.0
F 1104.175771 1148.520793 2.683517
E -0.288095 0.201395 0.148984 0.005704
W C 1291.0 1881.0 383.0 1458.0 482.0 682.0
F 1064.040257 1167.820678 2.691847
E -0.223866 0.199839 0.152232 0.005864
W C 1291.0 1881.0 383.0 1458.0 482.0 682.0
F 1064.126040 1167.910507 2.689564
E 0.240880 0.145394 0.131372 0.004914
W C 1291.0 1881.0 383.0 1458.0 482.0 682.0
F 1023.731865 1187.317417 2.693044
E 0.667722 0.217771 0.190136 0.007502
W C 1291.0 1881.0 383.0 1458.0 482.0 682.0
F 983.648704 1206.625154 2.692626
E 2.584761 0.192819 0.291749 0.009848
W C 1291.0 1881.0 383.0 1458.0 482.0 682.0
F 943.939709 1225.997740 2.688564
E 2.400107 0.279599 0.328309 0.010987
W C 383.0 1458.0 482.0 682.0
F 944.081937 1226.068510 2.685825
E 2.646468 0.159150 0.314678 0.010357
W C 1291.0 1881.0 383.0 1458.0 482.0 682.0
F 903.518683 1245.648868 2.691010
E -0.307033 0.277699 0.148218 0.005978
W C 383.0 1458.0 482.0 682.0
F 860.901119 1256.824573 2.855363
E -0.256514 0.276626 0.165857 0.006384
W C 383.0 1458.0 482.0 682.0
F 820.610832 1254.384328 3.133656
E -0.266682 7.749613 0.163686 0.046861
W C 383.0 1458.0
F 788.491868 1243.813697 -2.915362
E 0.060951 19.357465 5.765396 0.237161
W C
F 789.245823 1244.139144 -2.921035
E -0.259464 6.931782 1.713525 0.096107
W C 383.0 1458.0
F 759.786675 1226.145287 -2.682364
E 0.276827 19.223388 7.296004 0.255786
W C
F 736.115499 1202.773214 -2.454951
E 0.457643 25.564605 15.487771 0.341597
W C
F 718.203600 1174.093431 -2.220783
E 0.685638 30.520263 25.941199 0.413205
W C
F 718.203600 1174.093431 -2.220783
E 0.685638 30.520263 25.941199 0.413205
W C
F 707.463320 1141.260607 -1.977609
E -2.565262 34.446178 38.391116 0.478145
W C
F 704.624709 1107.933192 -1.747944
E -0.724733 51.299340 37.429520 0.529911
W C
F 709.354358 1075.005867 -1.520531
E -0.554414 64.928063 39.825138 0.576253
W C
F 720.871313 1044.578546 -1.302125
E -0.399983 78.660193 41.795461 0.616226
W C
F 720.871313 1044.578546 -1.302125
E -0.399983 78.660193 41.795461 0.616226
W C
F 739.179112 1017.023626 -1.076964
E -0.249620 92.789401 43.838351 0.655808
W C
F 763.925436 994.337374 -0.848371
E 0.763851 9.574012 0.260848 0.312602
W C 1191.0 747.0 1291.0 1881.0
F 794.791992 963.717868 -0.792081
E -0.754069 11.440810 5.094504 0.345613
W C
F 792.104069 964.616704 -0.821484
E -0.703495 7.092161 0.818854 0.055322
W C 1191.0 747.0
F 818.763234 933.474368 -0.846763
E -0.612509 7.619256 0.852677 0.047964
W C 1191.0 747.0
F 844.471957 901.302626 -0.868657
E -0.522352 7.948132 1.689504 0.065798
W C 1191.0 747.0
F 868.739996 868.396642 -0.896127
E -0.473931 8.120602 1.833994 0.074696
W C 1191.0 747.0
F 891.249809 835.010510 -0.926208
E 0.624017 2.233317 0.449094 0.069769
W C 1191.0 747.0 1693.0 1043.0
F 890.398321 835.059615 -0.953365
E 0.612946 2.066128 0.243134 0.064695
W C 482.0 682.0 1191.0 747.0 1693.0 1043.0
F 913.024829 798.085669 -1.002788
E 0.504855 1.134509 0.317859 0.036139
W C 482.0 682.0 1191.0 747.0 1693.0 1043.0
F 933.558470 760.077843 -1.058446
E 0.369928 0.941809 0.325999 0.030710
W C 482.0 682.0 1191.0 747.0 1693.0 1043.0
F 950.063414 721.221750 -1.141260
E 0.341541 1.014410 0.275539 0.032703
W C 482.0 682.0 1191.0 747.0 1693.0 1043.0
F 964.487339 680.926779 -1.205031
E 0.380149 0.975578 0.174707 0.032055
W C 482.0 682.0 1805.0 190.0 1191.0 747.0 1693.0 1043.0
F 964.323770 680.994114 -1.213289
E 0.377758 0.942663 0.122422 0.031100
W C 482.0 682.0 1805.0 190.0 1191.0 747.0 1693.0 1043.0
F 979.372950 641.252274 -1.207446
E 0.062001 0.233715 0.153485 0.008417
W C 482.0 682.0 1805.0 190.0 1191.0 747.0 1693.0 1043.0
F 994.706717 602.535747 -1.193410
E -0.429262 0.243341 0.170347 0.007882
W C 482.0 682.0 1805.0 190.0 1191.0 747.0
F 1011.842701 564.773406 -1.151736
E -2.397101 0.201010 0.238850 0.007715
W C 1805.0 190.0 1191.0 747.0
F 1011.622178 564.873948 -1.154781
E 0.112349 0.184121 0.164291 0.006572
W C 1805.0 190.0 1191.0 747.0
F 1030.505982 527.809402 -1.108097
E -2.580939 0.164701 0.241437 0.006563
W C 1805.0 190.0 1191.0 747.0
F 1050.790280 491.637916 -1.066610
E -2.594920 0.184884 0.248934 0.006952
W C 1805.0 190.0 1191.0 747.0
F 1072.387134 456.960278 -1.021866
E -2.583918 0.176583 0.257527 0.006689
W C 1805.0 190.0 1191.0 747.0
F 1072.112805 457.125578 -1.024704
E -2.635226 0.157574 0.182077 0.005710
W C 1805.0 190.0 1191.0 747.0
F 1096.363702 423.366121 -0.960423
E -2.696353 0.141621 0.190558 0.005700
W C 1805.0 190.0 1693.0 1043.0 1191.0 747.0
F 1125.497756 394.297469 -0.815338
E -2.676162 0.162176 0.193408 0.006228
W C 1805.0 190.0 1693.0 1043.0 1191.0 747.0
F 1157.672641 370.642746 -0.668305
E -2.449182 0.159721 0.194375 0.006120
W C 1805.0 190.0 1693.0 1043.0 1191.0 747.0
F 1189.887402 352.516526 -0.547959
E -0.699715 0.195996 0.154266 0.006099
W C 1805.0 190.0 1693.0 1043.0 1191.0 747.0
F 1189.667357 352.617284 -0.548729
E -2.966429 0.133454 0.143666 0.005148
W C 1805.0 190.0 1693.0 1043.0 1191.0 747.0
F 1223.572174 338.406773 -0.432577
E -0.524379 0.197658 0.126976 0.005392
W C 1805.0 190.0 1693.0 1043.0 1191.0 747.0
F 1258.394075 329.020815 -0.305087
E -0.461857 0.199806 0.146983 0.005926
W C 1805.0 190.0 1693.0 1043.0 1191.0 747.0
F 1294.724112 325.121412 -0.155290
E -0.351520 0.200773 0.147733 0.005872
W C 1805.0 190.0 1693.0 1043.0 1191.0 747.0
F 1333.248364 322.666007 -0.084115
E -0.287162 0.201708 0.148498 0.005817
W C 1805.0 190.0 1693.0 1043.0 1191.0 747.0
F 1333.042680 322.803681 -0.081946
E -0.655553 0.145981 0.129386 0.004889
W C 1805.0 190.0 1693.0 1043.0 1191.0 747.0
F 1373.589780 320.629611 -0.059551
E -0.397723 0.374287 0.195176 0.008046
W C 1805.0 190.0 1191.0 747.0
F 1413.779073 319.751249 -0.029239
E -0.573201 0.428159 0.282706 0.011130
W C 1805.0 190.0 1191.0 747.0
F 1452.538722 320.781561 0.014560
E -0.156028 8.135451 0.273292 0.055225
W C 1805.0 190.0
F 1450.060920 321.853865 0.034686
E -2.571580 0.241572 0.274145 0.008753
W C 1805.0 190.0 1693.0 1043.0
F 1491.402961 325.450210 0.075818
E -0.027617 0.251432 0.155697 0.006062
W C 1805.0 190.0 1693.0 1043.0
F 1532.103138 330.836194 0.118683
E -2.788312 0.238074 0.293356 0.009794
W C 1805.0 190.0 1693.0 1043.0
F 1573.350721 338.510321 0.169524
E -2.853952 0.228128 0.349385 0.011391
W C 1805.0 190.0 1693.0 1043.0
F 1614.540672 348.684401 0.226841
E -2.845325 0.215333 0.398972 0.012825
W C 1805.0 190.0 1693.0 1043.0
F 1614.461847 348.804002 0.229175
E -2.877887 0.152372 0.379456 0.012039
W C 1805.0 190.0 1693.0 1043.0
F 1656.089871 361.051183 0.275601
E -2.822404 0.201181 0.394614 0.013131
W C 1805.0 190.0 1693.0 1043.0
F 1696.722162 379.452751 0.402603
E -2.948104 0.195587 0.377100 0.014018
W C 1805.0 190.0 1693.0 1043.0
F 1734.431055 403.825996 0.548024
E -3.130263 0.219036 0.626675 0.022024
W C 1805.0 190.0 1693.0 1043.0 1291.0 1881.0
F 1734.457375 403.515842 0.542109
E -3.035578 0.186819 0.502246 0.017387
W C 1805.0 190.0 1693.0 1043.0 1291.0 1881.0
F 1768.981281 432.844159 0.680845
E 2.863760 0.323919 2.267468 0.062027
W C 1805.0 190.0 1693.0 1043.0
F 1800.012006 470.080057 0.846998
E 2.887992 1.067739 1.931606 0.061758
W C 1805.0 190.0 1693.0 1043.0
F 1824.986496 509.673775 0.986104
E 2.966252 0.792218 1.079767 0.035173
W C 1805.0 190.0 1693.0 1043.0
F 1825.012806 510.288347 0.992188
E -3.110708 0.780423 0.926954 0.034588
W C 1693.0 1043.0
F 1841.939265 554.103526 1.176646
E -0.407431 0.362594 0.235967 0.012815
W C 1693.0 1043.0 482.0 682.0
F 1849.861112 599.655048 1.369779
E 3.131796 0.205637 6.991816 0.089709
W C 1693.0 1043.0
F 1850.654946 642.466360 1.522823
E -2.998385 1.251891 7.938100 0.076503
W C 1693.0 1043.0
F 1847.782823 684.089545 1.620326
E -2.912977 1.155138 8.188024 0.062664
W C 1693.0 1043.0
F 1847.788785 684.903443 1.620252
E -2.909658 1.149968 6.237852 0.053655
W C 1693.0 1043.0
F 1846.198456 729.998571 1.609478
E 0.062686 1.161963 0.265643 0.037837
W C 1693.0 1043.0 482.0 682.0
F 1845.416392 773.882009 1.591811
E -0.368873 0.305954 0.249799 0.010537
W C 1693.0 1043.0 482.0 682.0
F 1842.241655 817.465826 1.635719
E -2.849293 0.198635 7.592017 0.079296
W C 1693.0 1043.0
F 1837.155823 859.238677 1.692751
E 0.142776 1.348950 0.264922 0.043256
W C 1693.0 1043.0 482.0 682.0
F 1837.593760 859.296461 1.691104
E 0.142895 1.335865 0.264847 0.043249
W C 1693.0 1043.0
F 1829.387918 901.816006 1.750481
E -2.702413 0.267809 8.303705 0.099816
W C 1693.0 1043.0
F 1820.692763 942.639587 1.794545
E -2.486665 1.455482 10.294361 0.113076
W C 1693.0 1043.0
F 1812.161765 982.389165 1.822310
E -0.702678 10.802694 1.866677 0.135692
W C 1693.0 1043.0
F 1808.563913 984.706420 1.888462
E -0.654165 7.934971 1.717450 0.102277
W C 1693.0 1043.0
F 1796.093293 1024.949211 1.908779
E -0.421246 9.323694 1.768235 0.158294
W C 1693.0 1043.0
F 1776.814554 1064.942182 2.003347
E -0.507361 16.903026 9.477689 0.228205
W C
F 1753.178456 1103.960722 2.100166
E -0.195045 24.901142 15.918833 0.283821
W C
F 1726.834436 1139.263801 2.194734
E 0.108278 34.803016 20.810068 0.327506
W C
F 1726.834436 1139.263801 2.194734
E 0.108278 34.803016 20.810068 0.327506
W C
F 1696.623636 1172.741116 2.289301
E 0.301011 47.180895 24.669435 0.367310
W C
F 1667.523860 1207.911831 2.355075
E 2.361216 0.472274 8.305388 0.175113
W C 1191.0 747.0
F 1635.763040 1239.950388 2.378800
E 2.411585 0.436302 5.424138 0.154317
W C 1191.0 747.0
F 1636.264797 1240.409611 2.364601
E 2.427430 0.195996 2.661529 0.091139
W C 482.0 682.0 1191.0 747.0
F 1603.623067 1270.849478 2.385822
E 2.448271 0.263333 2.552373 0.118097
W C 1191.0 747.0
F 1567.756254 1298.617716 2.474903
E 2.501452 0.182873 1.824535 0.058235
W C 1291.0 1881.0 482.0 682.0 1191.0 747.0
F 1533.515547 1324.868193 2.485837
E 0.734850 0.446297 0.209896 0.016314
W C 482.0 682.0 1191.0 747.0
F 1496.084833 1347.915450 2.573837
E 2.637608 0.178018 0.366009 0.012191
W C 1291.0 1881.0 482.0 682.0 1191.0 747.0
F 1496.264713 1348.107010 2.569003
E 2.598208 0.122613 0.350233 0.011420
W C 1291.0 1881.0 383.0 1458.0 482.0 682.0 1191.0 747.0
F 1457.341215 1370.103309 2.618727
E -0.443738 0.168477 0.132092 0.005068
W C 1291.0 1881.0 383.0 1458.0 482.0 682.0 1191.0 747.0
F 1418.859470 1393.298717 2.601990
E -0.456001 0.165087 0.137071 0.005217
W C 1291.0 1881.0 383.0 1458.0 482.0 682.0 1191.0 747.0
F 1380.744330 1416.745016 2.592108
E 2.620282 0.162229 0.239405 0.008197
W C 1291.0 1881.0 383.0 1458.0 482.0 682.0 1191.0 747.0
F 1380.933312 1416.783528 2.589655
E 2.615038 0.114732 0.230128 0.007657
W C 1291.0 1881.0 383.0 1458.0 482.0 682.0 1191.0 747.0
F 1347.100380 1440.170752 2.548416
E 0.746694 0.245712 0.185587 0.008613
W C 383.0 1458.0 482.0 682.0 1191.0 747.0
F 1310.410152 1465.886701 2.533047
E 2.825597 0.157136 0.174992 0.006375
W C 1291.0 1881.0 383.0 1458.0 482.0 682.0 1191.0 747.0
F 1274.167537 1492.558322 2.510881
E -0.287530 0.186820 0.159813 0.006281
W C 1291.0 1881.0 383.0 1458.0 482.0 682.0
F 1241.782986 1519.432232 2.461771
E -0.285953 4.513764 0.293133 0.066741
W C 383.0 1458.0
F 1243.915078 1519.473864 2.437350
E -0.280921 3.449336 0.274552 0.051799
W C 383.0 1458.0
F 1211.245587 1545.200830 2.477411
E 2.484883 0.278959 1.236017 0.039073
W C 383.0 1458.0 482.0 682.0
F 1177.952542 1568.716562 2.518760
E -0.256113 4.842422 0.325070 0.078985
W C 383.0 1458.0
F 1143.393227 1591.466440 2.566558
E -0.098101 5.464590 1.346735 0.081509
W C 383.0 1458.0
F 1145.945681 1591.741917 2.538431
E -0.063110 4.032750 1.304755 0.067246
W C 383.0 1458.0
F 1109.648583 1613.466097 2.598497
E -0.089120 5.325829 1.324470 0.085450
W C 383.0 1458.0
F 1073.401131 1634.375307 2.625842
E 2.637839 0.278968 1.635472 0.051927
W C 383.0 1458.0 482.0 682.0
F 1032.155640 1652.602941 2.712506
E 2.584733 0.262709 2.034287 0.092573
W C 482.0 682.0
F 989.051047 1666.286786 2.790173
E 2.632635 0.323195 3.431831 0.089673
W C 482.0 682.0
F 988.865102 1665.888516 2.796938
E 2.723726 0.280942 1.587083 0.048477
W C 383.0 1458.0
F 949.297496 1681.572887 2.774580
E 0.075623 5.453968 0.786230 0.075415
W C 383.0 1458.0
F 910.247871 1698.548343 2.749793
E 2.759655 0.269881 1.573797 0.050125
W C 383.0 1458.0 482.0 682.0
F 870.827401 1716.090338 2.727444
E 2.488462 0.237457 0.413794 0.014516
W C 383.0 1458.0 482.0 682.0
F 870.551236 1715.699083 2.736118
E 2.627066 0.174828 0.378102 0.013086
W C 383.0 1458.0 482.0 682.0
F 830.135718 1734.007951 2.719412
E 0.592599 0.314600 0.198099 0.011286
W C 383.0 1458.0 482.0 682.0
F 790.997874 1752.412672 2.705464
E 0.219025 3.853213 0.450982 0.097953
W C 383.0 1458.0
F 750.299524 1771.250310 2.707716
E -0.192377 11.735955 7.032379 0.173518
W C
F 751.371651 1771.379299 2.700624
E 0.512515 5.282988 1.020507 0.103992
W C 383.0 1458.0
F 711.367892 1790.425567 2.700938
E 0.725748 6.589213 1.141207 0.109523
W C 383.0 1458.0
F 670.855918 1809.660750 2.698686
E -0.011945 11.921231 8.837129 0.180303
W C
F 630.286184 1828.773806 2.700938
E 0.475936 17.255050 15.123793 0.230267
W C
F 591.351675 1847.262914 2.698686
E 2.554068 19.022398 25.577863 0.268275
W C
F 585.486174 1849.962327 2.700938
E 2.580374 19.115462 27.041897 0.269073
W C
F 584.451767 1846.517852 2.726973
E 2.659989 0.367176 7.855940 0.124956
W C 383.0 1458.0
F 583.349124 1843.636920 2.787777
E 2.669858 0.334602 6.079642 0.112575
W C 383.0 1458.0
F 582.446178 1841.026380 2.889767
E 2.676232 0.313955 5.252730 0.087207
W C 383.0 1458.0
F 582.033029 1839.463002 2.958502
E 2.674240 0.261664 4.624306 0.053041
W C 383.0 1458.0
F 581.938391 1838.746154 2.999291
E 2.843283 0.168820 0.948240 0.037742
W C 383.0 1458.0 482.0 682.0
F 581.941552 1838.387737 3.025236
E 2.896464 0.139661 0.761689 0.030502
W C 383.0 1458.0 482.0 682.0
F 581.940295 1838.122010 3.043334
E 2.928350 0.123613 0.673775 0.026388
W C 383.0 1458.0 482.0 682.0
