D C 370.4 -294.1 -45.0 -77.9 1415.6 -461.7 -45.0 -77.9 1850.0 258.5 -45.0 -77.9 1133.0 567.0 -45.0 -77.9 546.0 599.6 -45.0 -77.9 914.8 1344.3 -45.0 -77.9
D C 380.6 -302.2 -45.0 -77.9 1413.7 -461.1 -45.0 -77.9 1877.8 262.3 -45.0 -77.9 1137.5 569.3 -45.0 -77.9 543.3 596.7 -45.0 -77.9 911.4 1339.3 -45.0 -77.9
D C 382.9 -304.1 -45.0 -77.9 1412.8 -460.7 -45.0 -77.9 1867.9 261.0 -45.0 -77.9 1129.5 565.2 -45.0 -77.9 536.6 589.3 -45.0 -77.9 911.4 1339.3 -45.0 -77.9
D C 372.0 -295.4 -45.0 -77.9 1420.4 -463.2 -45.0 -77.9 1866.9 260.8 -45.0 -77.9 1125.9 563.5 -45.0 -77.9 541.3 594.5 -45.0 -77.9 916.4 1346.8 -45.0 -77.9
D C 382.2 -303.5 -45.0 -77.9 1421.3 -463.5 -45.0 -77.9 1865.9 260.7 -45.0 -77.9 1136.6 568.8 -45.0 -77.9 543.3 596.7 -45.0 -77.9 913.1 1341.8 -45.0 -77.9
D C 375.9 -298.5 -45.0 -77.9 1415.6 -461.7 -45.0 -77.9 1870.8 261.4 -45.0 -77.9 1131.2 566.1 -45.0 -77.9 540.6 593.7 -45.0 -77.9 908.6 1335.2 -45.0 -77.9
D C 377.5 -299.7 -45.0 -77.9 1412.8 -460.7 -45.0 -77.9 1862.9 260.3 -45.0 -77.9 1136.6 568.8 -45.0 -77.9 544.0 597.4 -45.0 -77.9 911.9 1340.2 -45.0 -77.9
D C 376.7 -299.1 -45.0 -77.9 1418.5 -462.6 -45.0 -77.9 1862.9 260.3 -45.0 -77.9 1133.0 567.0 -45.0 -77.9 542.7 596.0 -45.0 -77.9 916.4 1346.8 -45.0 -77.9
D C 373.5 -296.6 -45.0 -77.9 1418.5 -462.6 -45.0 -77.9 1871.8 261.5 -45.0 -77.9 -45.0 -77.9 541.3 594.5 -45.0 -77.9 910.3 1337.7 -45.0 -77.9
D C 381.4 -302.9 -45.0 -77.9 1412.8 -460.7 -45.0 -77.9 1867.9 261.0 -45.0 -77.9 1140.2 570.6 -45.0 -77.9 539.3 592.3 -45.0 -77.9 911.4 1339.3 -45.0 -77.9
D C 375.9 -298.5 -45.0 -77.9 1415.6 -461.7 -45.0 -77.9 1866.9 260.8 -45.0 -77.9 1134.8 567.9 -45.0 -77.9 543.3 596.7 -45.0 -77.9 911.9 1340.2 -45.0 -77.9
D C 386.1 -306.6 -45.0 -77.9 1414.7 -461.4 -45.0 -77.9 1858.9 259.7 -45.0 -77.9 1134.8 567.9 -45.0 -77.9 545.4 598.9 -45.0 -77.9 911.4 1339.3
D C 375.1 -297.9 -45.0 -77.9 1420.4 -463.2 -45.0 -77.9 1869.8 261.2 -45.0 -77.9 1129.5 565.2 -45.0 -77.9 -45.0 -77.9 909.1 1336.0 -45.0 -77.9
D C 378.2 -300.4 -45.0 -77.9 1415.6 -461.7 -45.0 -77.9 1852.0 258.7 -45.0 -77.9 -45.0 -77.9 537.3 590.0 -45.0 -77.9 910.3 1337.7 -45.0 -77.9
D C 434.2 -353.6 -45.0 -77.9 1407.1 -458.9 -45.0 -77.9 1749.5 255.4 -45.0 -77.9 1097.4 557.7 -45.0 -77.9 518.4 590.8 -45.0 -77.9 896.5 1352.9
D C 327.2 -301.6 -45.0 -77.9 1363.5 -463.2 -45.0 -77.9 1718.3 240.1 -45.0 -77.9 1064.8 557.6 -45.0 -77.9 489.9 594.1 -45.0 -77.9 864.1 1339.4
D C 293.8 -298.8 -45.0 -77.9 1395.5 -483.7 -45.0 -77.9 1654.5 241.5 -45.0 -77.9 1019.3 557.9 -45.0 -77.9 449.4 587.9
D C 319.1 -345.1 -45.0 -77.9 1435.9 -507.6 -45.0 -77.9 1644.6 240.1 -45.0 -77.9 1050.9 575.2 -45.0 -77.9 436.2 585.3
D C 227.0 -292.2 -45.0 -77.9 1321.8 -476.4 -45.0 -77.9 1571.4 249.1 -45.0 -77.9 1029.5 596.8 -45.0 -77.9 383.8 594.9
D C 256.5 -380.7 -45.0 -77.9 1240.9 -455.9 -45.0 -77.9 1527.9 242.2 -45.0 -77.9 920.8 549.0 -45.0 -77.9 359.6 605.2
D C 206.7 -366.8 -45.0 -77.9 1253.0 -477.8 -45.0 -77.9 1528.9 242.4 -45.0 -77.9 885.9 550.5 -45.0 -77.9 321.0 597.2
D C 143.4 -314.9 -45.0 -77.9 1313.4 -510.1 -45.0 -77.9 1495.8 246.5 -45.0 -77.9 871.3 571.6 -45.0 -77.9 281.4 591.5
D C 161.6 -399.6 -45.0 -77.9 1130.8 -447.2 -45.0 -77.9 1502.2 257.1 -45.0 -77.9 884.9 596.2 -45.0 -77.9 268.9 602.8
D C 81.7 -338.3 -45.0 -77.9 1145.6 -469.4 -45.0 -77.9 1442.5 256.0 -45.0 -77.9 807.2 573.1 -45.0 -77.9 217.3 603.0
D C -45.0 -77.9 1126.8 -477.9 -45.0 -77.9 1392.2 247.1 -45.0 -77.9 826.0 601.8 -45.0 -77.9 188.6 603.2
D C -45.0 -77.9 1070.5 -469.6 -45.0 -77.9 1389.1 264.1 -45.0 -77.9 808.7 628.1 -45.0 -77.9 154.8 628.2
D C -45.0 -77.9 966.3 -438.1 -45.0 -77.9 1396.0 265.4 -45.0 -77.9 717.2 585.8 -45.0 -77.9 483.2 1340.6 -45.0 -77.9 115.6 613.2
D C -78.2 -461.4 963.6 -444.1 -45.0 -77.9 1299.2 255.3 -45.0 -77.9 762.5 654.7 -45.0 -77.9 447.3 1343.5 -45.0 -77.9 83.8 606.2
D C -85.0 -311.6 -45.0 -77.9 938.2 -446.4 -45.0 -77.9 1264.2 256.5 -45.0 -77.9 642.3 579.4 -45.0 -77.9 422.2 1350.5 -45.0 -77.9 50.0 607.9
D C -45.0 -77.9 1013.5 -513.1 -45.0 -77.9 1268.8 273.7 -45.0 -77.9 578.3 568.6 -45.0 -77.9 392.7 1440.4 -45.0 -77.9 -2.3 613.0
D C -45.0 -77.9 900.1 -462.6 -45.0 -77.9 1220.3 271.0 -45.0 -77.9 561.4 572.7 -45.0 -77.9 351.1 1353.2 -45.0 -77.9 -21.0 608.6
D C -45.0 -77.9 841.2 -452.1 -45.0 -77.9 1249.5 277.6 -45.0 -77.9 517.9 554.9 -45.0 -77.9 322.4 1343.9 -45.0 -77.9 -50.9 607.9
D C -45.0 -77.9 811.6 -462.2 -45.0 -77.9 1178.9 277.1 -45.0 -77.9 467.2 559.6 -45.0 -77.9 274.5 1363.6 -45.0 -77.9 -103.1 602.2
D C -45.0 -77.9 799.0 -468.1 -45.0 -77.9 1106.8 260.1 -45.0 -77.9 493.8 606.4 -45.0 -77.9 252.2 1337.4 -45.0 -77.9 -121.3 617.2
D C 718.4 -444.9 -45.0 -77.9 1011.4 250.8 -45.0 -77.9 408.4 562.3 -45.0 -77.9 202.5 1343.8 -45.0 -77.9 -166.0 620.2
D C 763.0 -479.1 -45.0 -77.9 1000.1 254.6 -45.0 -77.9 422.9 613.3 -45.0 -77.9 187.2 1355.1 -45.0 -77.9 -183.7 624.5
D C 691.0 -457.9 -45.0 -77.9 1042.5 285.9 -45.0 -77.9 404.1 643.6 -45.0 -77.9 154.7 1366.3 -45.0 -77.9
D C 623.9 -435.8 -45.0 -77.9 928.1 260.7 -45.0 -77.9 357.2 618.2 -45.0 -77.9 119.5 1350.7 -45.0 -77.9
D C 579.9 -426.7 -45.0 -77.9 892.8 256.7 -45.0 -77.9 321.8 626.1 -45.0 -77.9 88.5 1387.2 -45.0 -77.9
D C 552.9 -439.0 -45.0 -77.9 890.1 279.7 -45.0 -77.9 245.6 579.1 -45.0 -77.9 28.7 1383.7
D C 539.3 -444.7 -45.0 -77.9 854.8 268.6 -45.0 -77.9 228.2 566.8 -45.0 -77.9 28.6 1380.7
D C 531.3 -460.4 -45.0 -77.9 817.2 267.9 -45.0 -77.9 195.9 576.6 -45.0 -77.9 -14.4 1446.9
D C 467.9 -436.7 -45.0 -77.9 770.3 263.0 -45.0 -77.9 160.5 561.5 -45.0 -77.9
D C 443.7 -445.8 -45.0 -77.9 731.5 264.9 -45.0 -77.9 129.7 571.5 -45.0 -77.9 -81.2 1373.6
D C 461.8 -481.3 -45.0 -77.9 724.2 267.3 -45.0 -77.9 113.7 564.7 -45.0 -77.9 -99.8 1396.4
D C 376.4 -443.9 -45.0 -77.9 671.2 271.4 -45.0 -77.9 65.7 580.3 -45.0 -77.9 -149.6 1377.9
D C 339.6 -442.8 -45.0 -77.9 640.2 268.0 33.5 582.0 -45.0 -77.9 -187.2 1402.6
D C 309.9 -442.2 -45.0 -77.9 604.2 270.6 -45.0 -77.9 1.3 572.0 -45.0 -77.9 -210.0 1379.1
D C 266.0 -434.0 -45.0 -77.9 571.0 268.5 -45.0 -77.9 -30.7 579.2
D C 231.5 -455.6 -45.0 -77.9 529.7 273.3 -45.0 -77.9 -77.3 578.9
D C 218.9 -458.4 -45.0 -77.9 512.1 272.2 -45.0 -77.9 -96.9 588.1
D C 216.4 -586.3 -45.0 -77.9 464.7 277.1 -45.0 -77.9 -139.0 575.5
D C 156.7 -459.0 -45.0 -77.9 521.2 328.4 -45.0 -77.9 -160.3 598.9
D C 134.6 -515.7 -45.0 -77.9 420.5 283.3 -45.0 -77.9
D C 67.6 -426.7 -45.0 -77.9 372.2 285.4 -45.0 -77.9
D C 48.1 -419.2 -45.0 -77.9 359.4 293.5 -45.0 -77.9
D C 4.3 -427.0 -45.0 -77.9 304.9 288.9 -45.0 -77.9
D C -11.4 -423.8 -45.0 -77.9 305.0 307.3 -45.0 -77.9
D C -40.7 -430.1 -45.0 -77.9 259.2 295.4 -45.0 -77.9
D C -86.8 -431.3 -45.0 -77.9 202.6 293.9
D C -104.1 -433.7 -45.0 -77.9 231.4 363.6
D C -155.4 -457.3 -45.0 -77.9 136.0 295.2
D C -166.4 -436.3 -45.0 -77.9 128.3 297.5
D C -45.0 -77.9 116.1 288.5 -45.0 -77.9
D C 89.4 268.5 -45.0 -77.9 -519.6 1521.7
D C 80.4 263.0 -45.0 -77.9 -525.4 1636.7
D C 58.0 255.5 -45.0 -77.9 -391.9 1580.1
D C 45.0 238.8 -45.0 -77.9 -361.4 1581.2
D C 32.1 255.0 -45.0 -77.9 -285.6 1668.7
D C 14.0 243.6 -45.0 -77.9
D C -3.7 229.0 -45.0 -77.9
D C -37.4 267.4
D C
D C 123.5 1622.3 -45.0 -77.9
D C 259.1 1587.0 -45.0 -77.9
D C 317.0 1574.4 -45.0 -77.9
D C 500.7 1503.8 -45.0 -77.9 -72.9 939.2 -45.0 -77.9
D C 555.0 1482.5 -45.0 -77.9 -45.2 965.9 -45.0 -77.9
D C 733.4 1384.8 -45.0 -77.9 55.5 963.4 -45.0 -77.9 -70.7 1510.3 -45.0 -77.9
D C 833.8 1292.4 -45.0 -77.9 113.1 899.9 -45.0 -77.9
D C 900.6 1272.5 -45.0 -77.9 145.2 924.7 -45.0 -77.9
D C 1005.2 1103.9 -45.0 -77.9 267.4 1005.0 -45.0 -77.9
D C 1047.5 1042.7 -45.0 -77.9 283.7 927.6 -45.0 -77.9
D C 1140.4 885.8 -45.0 -77.9 333.6 800.2 -45.0 -77.9
D C 1215.6 786.8 -45.0 -77.9 381.5 765.2 -45.0 -77.9
D C 1225.0 710.2 -45.0 -77.9 401.7 736.6 -45.0 -77.9
D C 1265.5 511.7 -45.0 -77.9 462.1 670.1 -45.0 -77.9
D C 1240.1 440.5 -45.0 -77.9 474.5 636.6 -45.0 -77.9
D C 1286.5 236.4 -45.0 -77.9 515.8 545.9 -45.0 -77.9
D C 1230.7 103.1 -45.0 -77.9 534.6 482.3 -45.0 -77.9
D C 1243.3 42.9 -45.0 -77.9 634.0 531.0 -45.0 -77.9 614.3 1610.8
D C 1163.2 -81.3 -45.0 -77.9 564.4 427.4 -45.0 -77.9 -228.7 1127.0 -45.0 -77.9
D C 1157.8 -109.6 -45.0 -77.9 564.7 422.1 -45.0 -77.9 -226.6 1153.0 -45.0 -77.9
D C 1080.7 -149.3 -45.0 -77.9 534.9 405.1 -45.0 -77.9 -248.1 1185.3
D C 1217.4 -175.8 466.0 361.9 -45.0 -77.9 -256.5 1154.9
D C 1045.2 -157.5 -45.0 -77.9 422.6 367.4 -45.0 -77.9 -342.6 1279.9
D C 983.9 -154.5 -45.0 -77.9 392.1 362.5 -45.0 -77.9 630.7 1512.8 -347.0 1207.1
D C 965.2 -157.6 -45.0 -77.9 380.1 373.7 -45.0 -77.9 612.1 1520.4 -353.5 1175.0
D C 1063.8 -180.4 867.3 665.1 -45.0 -77.9 318.8 358.8 -45.0 -77.9 -424.0 1217.3
D C 890.3 -156.6 -45.0 -77.9 829.1 660.4 -45.0 -77.9 287.0 356.9 -45.0 -77.9
D C 868.7 -163.8 -45.0 -77.9 796.8 659.0 -45.0 -77.9 260.0 367.3 -45.0 -77.9
D C 808.8 -162.8 -45.0 -77.9 768.6 659.9 -45.0 -77.9 232.2 374.9 -45.0 -77.9
D C 796.0 -165.3 -45.0 -77.9 748.7 650.8 -45.0 -77.9 208.6 361.1 -45.0 -77.9
D C 758.8 -167.3 -45.0 -77.9 711.1 665.6 -45.0 -77.9 156.7 357.1
D C 736.3 -167.1 -45.0 -77.9 679.3 659.8 -45.0 -77.9 141.9 365.4
D C 688.4 -169.6 -45.0 -77.9 637.3 666.3 -45.0 -77.9 103.6 389.5
D C 666.9 -173.1 -45.0 -77.9 598.5 657.3 -45.0 -77.9 62.9 357.5
D C 637.7 -173.9 -45.0 -77.9 583.1 656.4 -45.0 -77.9 46.8 354.9
D C 600.8 -175.7 -45.0 -77.9 538.8 653.5 -45.0 -77.9 0.8 351.0
D C 679.9 -208.0 504.7 660.2 -45.0 -77.9 205.1 1554.5 -33.3 370.5
D C 549.5 -179.2 -45.0 -77.9 61.2 85.3 -67.4 380.1
D C 494.0 -213.1 -45.0 -77.9 534.5 699.1 -45.0 -77.9 -69.4 353.2
D C 619.3 -308.8 483.8 616.9 -45.0 -77.9 -75.8 362.2
D C 378.5 -296.8 -45.0 -77.9 507.8 524.4 -45.0 -77.9 -45.0 -77.9 -66.5 361.9 -45.0 -77.9
D C 290.4 -355.5 -45.0 -77.9 543.7 444.1 -45.0 -77.9 -45.0 -77.9 -59.3 374.3
D C 249.2 -369.9 -45.0 -77.9 556.5 421.4 -45.0 -77.9 650.9 1325.8 -55.8 382.0
D C 185.2 -400.2 -45.0 -77.9 558.8 356.8 -45.0 -77.9 -48.0 377.0
D C 121.7 -433.2 -45.0 -77.9 561.6 298.5 -45.0 -77.9 810.5 1145.2 -45.0 -77.9 -43.2 397.7
D C 54.6 -533.2 564.0 240.2 -45.0 -77.9 -45.0 -77.9 -36.5 405.4
D C 7.2 -448.9 -45.0 -77.9 569.5 210.2 -45.0 -77.9 -32.8 391.6
D C -104.3 -447.0 -45.0 -77.9 542.8 120.6 -45.0 -77.9 -45.0 -77.9 208.1 1505.7 -45.0 -77.9 -20.3 382.5 -45.0 -77.9
D C -196.8 -488.9 -45.0 -77.9 527.9 57.3 -45.0 -77.9 1076.1 734.7 -45.0 -77.9 342.8 1468.5 -45.0 -77.9 -9.4 421.9 -45.0 -77.9 -323.3 986.4
D C -45.0 -77.9 500.6 -19.6 -45.0 -77.9 -45.0 -77.9 532.7 1477.9 -45.0 -77.9 14.4 366.7 -45.0 -77.9 -229.8 1034.8
D C 469.3 -85.5 -45.0 -77.9 1194.3 440.8 -45.0 -77.9 638.1 1299.8 -45.0 -77.9 33.2 350.4
D C 397.8 -183.3 -45.0 -77.9 826.3 1137.6 -45.0 -77.9 60.5 343.7
D C 382.3 -217.8 -45.0 -77.9 -45.0 -77.9 960.4 1179.4 -45.0 -77.9 72.8 350.5
D C 309.8 -268.5 -45.0 -77.9 1157.8 -52.4 -45.0 -77.9 1000.2 959.5 -45.0 -77.9 85.6 330.1
D C 239.8 -308.8 -45.0 -77.9 1137.3 -207.3 -45.0 -77.9 1042.8 789.6 -45.0 -77.9 95.5 305.4
D C 165.4 -341.0 -45.0 -77.9 1074.7 -365.1 -45.0 -77.9 1153.2 668.5 -45.0 -77.9 110.7 301.3
D C 127.3 -351.7 -45.0 -77.9 -45.0 -77.9 1161.6 581.4 -45.0 -77.9 106.3 268.7
D C 20.3 -382.5 -45.0 -77.9 -45.0 -77.9 1291.3 379.8 -45.0 -77.9 121.3 259.0
D C -51.1 -387.6 -45.0 -77.9 836.6 -725.0 1225.0 248.5 -45.0 -77.9 108.5 247.3
D C -109.2 -391.0 -45.0 -77.9 -45.0 -77.9 1234.1 211.2 -45.0 -77.9 555.2 690.4 -45.0 -77.9 77.3 247.2
D C -45.0 -77.9 666.6 -757.4 -45.0 -77.9 1155.8 154.2 -45.0 -77.9 550.0 675.4 -45.0 -77.9 63.9 327.8
D C -45.0 -77.9 642.3 -796.2 1128.0 150.5 -45.0 -77.9 563.5 756.1 -45.0 -77.9 -7.7 344.9
D C -45.0 -77.9 591.7 -752.2 -45.0 -77.9 1073.6 150.0 -45.0 -77.9 491.9 677.2 -45.0 -77.9 -28.0 291.7
D C -45.0 -77.9 554.0 -750.7 -45.0 -77.9 1072.6 156.6 -45.0 -77.9 474.5 716.0 -45.0 -77.9
D C 521.1 -753.3 -45.0 -77.9 1124.1 164.1 -45.0 -77.9 421.2 670.7 -45.0 -77.9
D C 508.5 -775.1 998.5 152.0 -45.0 -77.9 404.3 709.9 -45.0 -77.9
D C 457.4 -756.5 -45.0 -77.9 984.7 156.1 -45.0 -77.9 362.2 673.8
D C 419.7 -744.9 -45.0 -77.9 993.6 163.8 -45.0 -77.9 366.1 769.4
D C 377.3 -753.9 -45.0 -77.9 972.7 178.8 -45.0 -77.9 273.0 678.1
D C 371.5 -777.8 917.6 168.6 -45.0 -77.9 263.2 677.7
D C 344.2 -794.6 897.9 170.7 -45.0 -77.9 253.2 745.2
D C 270.3 -746.6 -45.0 -77.9 778.1 157.9 -45.0 -77.9 200.5 753.8
D C 257.2 -753.3 834.9 174.7 -45.0 -77.9 167.1 696.2
D C 221.6 -808.2 700.9 155.7 -45.0 -77.9 135.3 797.6
D C 713.6 167.7 -45.0 -77.9 105.1 697.1
D C 165.7 -791.8 655.2 158.2 -45.0 -77.9 74.7 698.0
D C 591.2 158.2 -45.0 -77.9 27.2 695.5
D C 98.7 -775.7 570.0 156.3 -45.0 -77.9 5.8 691.0
D C -20.1 -748.7 -45.0 -77.9 555.9 95.1 -45.0 -77.9 48.7 696.3
D C -71.5 -755.6 -45.0 -77.9 556.1 56.9 -45.0 -77.9 83.4 698.0
D C -209.2 -749.3 477.8 -33.4 -45.0 -77.9 170.6 692.3
D C -344.6 -724.2 476.2 -111.2 -45.0 -77.9 238.1 635.9
D C 433.8 -193.5 -45.0 -77.9 309.6 576.1
D C 313.2 -278.3 -45.0 -77.9 404.4 484.4 -45.0 -77.9
D C 406.7 -445.2 -45.0 -77.9 435.5 455.3 -45.0 -77.9
D C 237.2 -415.0 -45.0 -77.9 468.5 368.5 -45.0 -77.9 -154.5 716.5
D C 125.6 -391.3 -45.0 -77.9 504.4 292.4 -45.0 -77.9 -59.3 659.3
D C 42.4 -390.7 -45.0 -77.9 523.8 211.8 -45.0 -77.9 9.7 663.9
D C -80.6 -413.2 -45.0 -77.9 529.4 77.3 -45.0 -77.9 130.5 648.0 -45.0 -77.9
D C -116.5 -398.3 -45.0 -77.9 524.7 37.5 -45.0 -77.9 161.3 621.4 -45.0 -77.9 -296.4 985.4
D C -45.0 -77.9 479.2 -81.3 -45.0 -77.9 263.5 581.1 -45.0 -77.9 -111.6 1028.0
D C 454.6 -126.9 -45.0 -77.9 292.6 536.4 -45.0 -77.9 -41.8 1029.1
D C 408.8 -197.6 -45.0 -77.9 348.4 492.2 -45.0 -77.9 79.1 1039.0
D C 376.1 -314.0 -45.0 -77.9 384.3 416.9 -45.0 -77.9 199.7 992.1
D C 366.3 -325.4 -45.0 -77.9 348.9 397.6 -45.0 -77.9 186.2 987.6
D C 235.5 -299.5 -45.0 -77.9 1021.2 855.2 339.0 386.4 -45.0 -77.9 203.0 977.1
D C 209.3 -302.7 -45.0 -77.9 1013.5 848.8 -45.0 -77.9 335.1 396.3 -45.0 -77.9 190.4 976.6
D C 178.0 -307.1 -45.0 -77.9 980.3 841.6 -45.0 -77.9 334.7 437.7 -45.0 -77.9 159.4 976.1
D C 130.5 -306.4 -45.0 -77.9 937.0 845.3 -45.0 -77.9 269.1 428.5 -45.0 -77.9 109.4 965.8
D C 144.7 -384.7 -45.0 -77.9 933.9 863.6 -45.0 -77.9 225.8 380.0 -45.0 -77.9 97.8 970.1
D C 78.3 -373.9 -45.0 -77.9 855.8 831.2 -45.0 -77.9 193.8 413.9 -45.0 -77.9 43.9 968.0
D C 34.3 -335.2 -45.0 -77.9 905.1 923.3 153.2 401.8 -45.0 -77.9 14.2 974.9
D C 20.7 -349.4 -45.0 -77.9 824.3 851.3 -45.0 -77.9 159.2 478.2 -45.0 -77.9 -3.7 965.0
D C -32.5 -322.4 -45.0 -77.9 754.1 828.1 -45.0 -77.9 93.7 465.7 -45.0 -77.9 -57.4 970.3
D C -63.6 -422.2 -45.0 -77.9 760.5 856.0 -45.0 -77.9 65.5 386.5 -45.0 -77.9 -69.6 974.5
D C -119.5 -344.9 -45.0 -77.9 734.2 777.0 -45.0 -77.9 39.1 388.0
D C -45.0 -77.9 826.4 802.6 30.3 368.8
D C -45.0 -77.9 755.9 665.3 -45.0 -77.9 23.1 362.3
D C 811.0 654.2 -45.0 -77.9 14.1 359.7
D C 761.8 584.2 -45.0 -77.9 7.7 371.9
D C 761.7 499.7 -45.0 -77.9 -3.5 356.0
D C 906.3 563.2 -5.5 344.0
D C 796.3 410.8 -45.0 -77.9 151.6 928.7 -45.0 -77.9 -22.6 346.3
D C 754.8 338.0 -45.0 -77.9 185.7 922.5 -45.0 -77.9 -31.2 346.6
D C 769.5 294.8 -45.0 -77.9 221.6 899.1 -45.0 -77.9 -24.5 343.1 -45.0 -77.9
D C 860.8 196.8 305.5 847.6 -45.0 -77.9 -20.7 349.4
D C 773.1 103.2 -45.0 -77.9 348.7 822.1 -45.0 -77.9 -20.4 345.4
D C 812.5 28.0 -45.0 -77.9 396.1 782.4 -45.0 -77.9 -17.6 331.5
D C 680.3 -47.6 -45.0 -77.9 434.3 741.1 -45.0 -77.9 -16.5 311.6
D C 660.3 -78.9 -45.0 -77.9 454.1 723.2 -45.0 -77.9 -16.7 315.6
D C 701.9 -214.7 507.0 630.4 -45.0 -77.9 -14.8 315.7
D C 712.3 -317.7 537.5 583.1 -45.0 -77.9 -45.0 -77.9 -14.4 307.7
D C 511.8 -279.2 -45.0 -77.9 517.1 547.3 -45.0 -77.9 -37.1 322.9
D C 596.9 -406.2 529.7 533.8 -45.0 -77.9 -57.1 310.8
D C 430.6 -320.9 -45.0 -77.9 512.8 516.7 -45.0 -77.9 -45.0 -77.9
D C 373.3 -323.5 -45.0 -77.9 464.6 510.2 -45.0 -77.9
D C 391.1 -351.7 -45.0 -77.9 443.4 511.6 -45.0 -77.9 -45.0 -77.9
D C 424.4 -447.8 389.3 509.2 -45.0 -77.9 -45.0 -77.9
D C 278.0 -332.0 -45.0 -77.9 358.8 506.9 -45.0 -77.9
D C 289.1 -362.9 -45.0 -77.9 342.3 509.7 -45.0 -77.9
D C 233.5 -370.6 -45.0 -77.9 297.9 523.1
D C 173.7 -358.1 -45.0 -77.9 242.6 518.0
D C 171.7 -396.4 -45.0 -77.9 232.1 538.1
D C 115.2 -359.0 -45.0 -77.9 209.9 521.3 -45.0 -77.9 92.3 1447.1
D C 53.9 -369.1 -45.0 -77.9 206.7 495.6 -45.0 -77.9
D C -3.7 -436.0 -45.0 -77.9 205.0 483.3 -45.0 -77.9 206.4 1369.5
D C -90.4 -367.0 -45.0 -77.9 202.4 469.2 -45.0 -77.9 295.3 1338.8
D C -117.0 -374.1 -45.0 -77.9 191.7 444.4
D C -45.0 -77.9 185.2 422.2 -45.0 -77.9
D C -45.0 -77.9 177.5 411.4 -45.0 -77.9
D C 189.7 392.5 -45.0 -77.9
D C 194.7 384.5 -45.0 -77.9
D C 201.7 359.2 -45.0 -77.9 -150.4 1672.2
D C 204.7 326.1 -45.0 -77.9
D C 189.2 309.8 -45.0 -77.9 75.5 1667.3 -45.0 -77.9
D C 802.7 914.8 -45.0 -77.9 161.0 308.5 -45.0 -77.9 -45.0 -77.9
D C 805.1 895.2 -45.0 -77.9 144.9 299.8 -45.0 -77.9 136.3 1656.4 -45.0 -77.9
D C 761.1 867.4 -45.0 -77.9 95.8 306.4 -45.0 -77.9 117.2 1675.9
D C 816.0 842.7 -45.0 -77.9 80.2 301.5 -45.0 -77.9
D C 821.1 749.9 -45.0 -77.9 62.5 283.2 -45.0 -77.9
D C 829.5 694.7 -45.0 -77.9 41.4 274.9 -45.0 -77.9
D C 829.9 661.1 -45.0 -77.9 28.8 285.6 -45.0 -77.9 -378.7 1450.4 -45.0 -77.9
D C 884.9 612.1 -45.0 -77.9 483.6 1547.2 -45.0 -77.9 0.6 260.0 -45.0 -77.9
D C -45.0 -77.9 578.2 1488.7 -45.0 -77.9 -30.1 277.4
D C 854.1 474.4 -45.0 -77.9 614.9 1474.9 -45.0 -77.9
D C 890.7 432.2 -45.0 -77.9 704.2 1480.0 -45.0 -77.9
D C 833.9 349.1 -45.0 -77.9 772.7 1459.0 -45.0 -77.9
D C 819.8 291.2 -45.0 -77.9 798.9 1344.5 -45.0 -77.9 40.3 1499.5 -45.0 -77.9
D C 880.5 241.5 -45.0 -77.9 849.8 1232.4 -45.0 -77.9 125.9 1529.8 -45.0 -77.9
D C 779.4 193.3 -45.0 -77.9 890.2 1257.8 -45.0 -77.9 142.5 1505.3 -45.0 -77.9 -133.6 842.5 -45.0 -77.9
D C 807.5 148.4 -45.0 -77.9 930.9 1172.3 -45.0 -77.9 216.4 1498.5 -45.0 -77.9 -109.7 862.1 -45.0 -77.9
D C 715.3 82.1 -45.0 -77.9 984.7 1122.2 -45.0 -77.9 278.9 1478.9 -45.0 -77.9 -80.9 841.1 -45.0 -77.9
D C 697.0 36.9 -45.0 -77.9 1005.9 1038.8 -45.0 -77.9 338.5 1450.0 -45.0 -77.9 -65.5 844.5
D C 654.5 -25.6 -45.0 -77.9 1083.3 977.3 -45.0 -77.9 419.3 1401.6 -45.0 -77.9 -37.3 918.2
D C 606.6 -53.7 -45.0 -77.9 1062.6 889.9 -45.0 -77.9 485.8 1459.3 -45.0 -77.9 -13.7 852.9
D C 591.8 -92.9 -45.0 -77.9 1049.8 805.1 -45.0 -77.9 507.7 1356.1 -45.0 -77.9 2.0 871.0
D C 540.8 -133.3 -45.0 -77.9 1077.8 735.8 -45.0 -77.9 571.6 1325.0 -45.0 -77.9 33.6 859.3
D C 623.4 -207.5 -45.0 -77.9 1094.7 671.0 -45.0 -77.9 611.0 1264.1 -45.0 -77.9 53.9 845.3
D C 464.6 -224.6 -45.0 -77.9 1090.5 588.2 -45.0 -77.9 645.4 1218.6 -45.0 -77.9 58.0 829.0
D C 476.1 -237.4 -45.0 -77.9 1095.4 608.4 -45.0 -77.9 629.9 1225.6 -45.0 -77.9 45.3 999.0
D C 429.5 -227.5 -45.0 -77.9 1058.1 613.4 -45.0 -77.9 596.6 1234.4 -45.0 -77.9 7.2 852.0
D C -45.0 -77.9 997.0 602.7 -45.0 -77.9 540.4 1231.7 -45.0 -77.9 -45.3 854.8
D C 401.6 -255.6 -45.0 -77.9 955.7 585.9 -45.0 -77.9 524.4 1236.4 -45.0 -77.9 -61.4 859.8
D C 327.9 -244.4 -45.0 -77.9 910.0 589.0 -45.0 -77.9 472.1 1215.5 -45.0 -77.9 -111.2 874.0
D C -45.0 -77.9 893.5 594.1 -45.0 -77.9 458.2 1224.0 -45.0 -77.9 -127.7 874.7
D C -45.0 -77.9 838.6 587.7 -45.0 -77.9 408.3 1252.1 -45.0 -77.9 -178.2 878.1
D C -45.0 -77.9 798.5 581.8 -45.0 -77.9 379.4 1240.3 -45.0 -77.9 -221.9 944.3
D C -45.0 -77.9 816.7 564.9 -45.0 -77.9 416.6 1251.5 -45.0 -77.9 -183.1 875.0
D C 823.2 497.7 -45.0 -77.9 486.9 1231.2 -45.0 -77.9 -160.4 903.9
D C 815.6 453.0 -45.0 -77.9 500.7 1160.6 -45.0 -77.9 -134.4 882.8
D C 819.6 367.0 -45.0 -77.9 557.7 1085.1 -45.0 -77.9 -93.4 912.2
D C 826.7 340.2 -45.0 -77.9 589.8 1065.7 -45.0 -77.9 -74.9 893.9
D C -45.0 -77.9 847.1 295.0 -45.0 -77.9 632.9 1036.0 -45.0 -77.9 -49.2 928.7
D C 845.3 306.1 -45.0 -77.9 587.0 1045.5 -45.0 -77.9 -93.2 910.2
D C 772.1 285.0 -45.0 -77.9 569.0 1028.1 -45.0 -77.9 -112.5 930.2
D C -45.0 -77.9 743.5 300.6 -45.0 -77.9 517.6 1038.1 -45.0 -77.9 -163.0 918.6
D C 663.1 272.8 -45.0 -77.9 499.6 1033.6 -45.0 -77.9 -209.2 1064.6
D C 641.5 282.6 -45.0 -77.9 459.1 1029.3 -45.0 -77.9 -238.9 1016.3
D C 571.3 277.2 -45.0 -77.9 404.2 1022.0 -45.0 -77.9 -276.6 962.0
D C 611.7 301.5 -45.0 -77.9 391.3 1025.9 -45.0 -77.9 -287.2 954.7
D C 518.4 283.8 -45.0 -77.9 347.2 1042.7 -45.0 -77.9
D C 472.4 273.8 -45.0 -77.9 304.1 1016.5 -45.0 -77.9
D C 486.8 298.4 -45.0 -77.9 294.1 1028.8 -45.0 -77.9
D C 418.6 289.6 -45.0 -77.9 240.3 1029.3
D C 381.5 278.0 -45.0 -77.9 221.9 1036.5
D C 347.5 287.4 -45.0 -77.9 181.2 1068.7
D C 329.5 290.0 -45.0 -77.9 169.1 1122.3
D C 323.2 321.7 -45.0 -77.9 123.0 1029.7
D C 242.3 279.6 -45.0 -77.9 107.8 1218.2
D C 297.5 339.0 -45.0 -77.9 91.5 1034.0
D C 284.9 324.7 -45.0 -77.9 92.0 1039.9
D C 274.4 312.7 -45.0 -77.9 91.1 1030.0
D C 275.7 314.2 -45.0 -77.9 91.8 1037.9
D C 267.8 305.2 -45.0 -77.9 91.7 1037.0
D C 267.8 305.2 -45.0 -77.9 91.4 1033.0
